0 1 1
0.01 0.99995 0.997785
0.02 0.9998 0.99556
0.03 0.99955 0.993325
0.04 0.9992 0.991081
0.05 0.99875 0.988828
0.06 0.998201 0.986565
0.07 0.997551 0.984292
0.08 0.996802 0.98201
0.09 0.995953 0.979718
0.1 0.995004 0.977417
0.11 0.993956 0.975107
0.12 0.992809 0.972787
0.13 0.991562 0.970457
0.14 0.990216 0.968118
0.15 0.988771 0.96577
0.16 0.987227 0.963412
0.17 0.985585 0.961044
0.18 0.983844 0.958667
0.19 0.982004 0.95628
0.2 0.980067 0.953884
0.21 0.978031 0.951479
0.22 0.975897 0.949064
0.23 0.973666 0.946639
0.24 0.971338 0.944205
0.25 0.968912 0.941761
0.26 0.96639 0.939308
0.27 0.963771 0.936846
0.28 0.961055 0.934374
0.29 0.958244 0.931892
0.3 0.955336 0.929401
0.31 0.952334 0.9269
0.32 0.949235 0.92439
0.33 0.946042 0.921871
0.34 0.942755 0.919341
0.35 0.939373 0.916803
0.36 0.935897 0.914255
0.37 0.932327 0.911697
0.38 0.928665 0.90913
0.39 0.924909 0.906553
0.4 0.921061 0.903967
0.41 0.917121 0.901371
0.42 0.913089 0.898766
0.43 0.908966 0.896151
0.44 0.904752 0.893527
0.45 0.900447 0.890894
0.46 0.896052 0.88825
0.47 0.891568 0.885598
0.48 0.886995 0.882935
0.49 0.882333 0.880264
0.5 0.877583 0.877583
0.51 0.872745 0.874815
0.52 0.867819 0.871886
0.53 0.862807 0.868794
0.54 0.857709 0.86554
0.55 0.852525 0.862123
0.56 0.847255 0.858544
0.57 0.841901 0.854802
0.58 0.836463 0.850899
0.59 0.830941 0.846832
0.6 0.825336 0.842604
0.61 0.819648 0.838213
0.62 0.813878 0.833659
0.63 0.808028 0.828943
0.64 0.802096 0.824065
0.65 0.796084 0.819025
0.66 0.789992 0.813822
0.67 0.783822 0.808456
0.68 0.777573 0.802929
0.69 0.771246 0.797239
0.7 0.764842 0.791386
0.71 0.758362 0.785371
0.72 0.751806 0.779194
0.73 0.745174 0.772854
0.74 0.738469 0.766352
0.75 0.731689 0.759688
0.76 0.724836 0.752861
0.77 0.717911 0.745872
0.78 0.710914 0.73872
0.79 0.703845 0.731406
0.8 0.696707 0.72393
0.81 0.689498 0.716291
0.82 0.682221 0.70849
0.83 0.674876 0.700527
0.84 0.667463 0.692401
0.85 0.659983 0.684113
0.86 0.652437 0.675662
0.87 0.644827 0.667049
0.88 0.637151 0.658274
0.89 0.629412 0.649336
0.9 0.62161 0.640236
0.91 0.613746 0.630973
0.92 0.60582 0.621548
0.93 0.597834 0.611961
0.94 0.589788 0.602211
0.95 0.581683 0.592299
0.96 0.57352 0.582224
0.97 0.5653 0.571987
0.98 0.557023 0.561588
0.99 0.54869 0.551026
1 0.540302 0.540302
1.01 0.531861 0.529525
1.02 0.523366 0.518805
1.03 0.514819 0.508141
1.04 0.50622 0.497534
1.05 0.497571 0.486983
1.06 0.488872 0.476489
1.07 0.480124 0.466051
1.08 0.471328 0.45567
1.09 0.462485 0.445346
1.1 0.453596 0.435078
1.11 0.444662 0.424866
1.12 0.435682 0.414711
1.13 0.42666 0.404613
1.14 0.417595 0.394572
1.15 0.408487 0.384586
1.16 0.39934 0.374658
1.17 0.390152 0.364786
1.18 0.380925 0.35497
1.19 0.37166 0.345211
1.2 0.362358 0.335509
1.21 0.353019 0.325863
1.22 0.343646 0.316274
1.23 0.334238 0.306741
1.24 0.324796 0.297265
1.25 0.315322 0.287845
1.26 0.305817 0.278482
1.27 0.296281 0.269176
1.28 0.286715 0.259926
1.29 0.277121 0.250733
1.3 0.267499 0.241596
1.31 0.25785 0.232516
1.32 0.248175 0.223492
1.33 0.238476 0.214525
1.34 0.228753 0.205614
1.35 0.219007 0.19676
1.36 0.209239 0.187963
1.37 0.19945 0.179222
1.38 0.189641 0.170538
1.39 0.179813 0.16191
1.4 0.169967 0.153339
1.41 0.160104 0.144824
1.42 0.150225 0.136366
1.43 0.140332 0.127964
1.44 0.130424 0.119619
1.45 0.120503 0.111331
1.46 0.11057 0.103099
1.47 0.100626 0.0949238
1.48 0.0906716 0.086805
1.49 0.0807084 0.0787428
1.5 0.0707372 0.0707372
1.51 0.0607589 0.0627246
1.52 0.0507745 0.0546417
1.53 0.040785 0.0464883
1.54 0.0307915 0.0382645
1.55 0.0207948 0.0299703
1.56 0.0107961 0.0216056
1.57 0.000796327 0.0131706
1.58 -0.00920354 0.00466514
1.59 -0.0192025 -0.00391073
1.6 -0.0291995 -0.012557
1.61 -0.0391936 -0.0212737
1.62 -0.0491838 -0.0300608
1.63 -0.0591691 -0.0389183
1.64 -0.0691484 -0.0478463
1.65 -0.0791209 -0.0568446
1.66 -0.0890854 -0.0659134
1.67 -0.099041 -0.0750525
1.68 -0.108987 -0.0842621
1.69 -0.118922 -0.0935421
1.7 -0.128844 -0.102893
1.71 -0.138755 -0.112313
1.72 -0.148651 -0.121805
1.73 -0.158532 -0.131366
1.74 -0.168397 -0.140998
1.75 -0.178246 -0.150701
1.76 -0.188077 -0.160474
1.77 -0.197889 -0.170317
1.78 -0.207681 -0.180231
1.79 -0.217452 -0.190215
1.8 -0.227202 -0.200269
1.81 -0.236929 -0.210394
1.82 -0.246632 -0.22059
1.83 -0.256311 -0.230855
1.84 -0.265964 -0.241192
1.85 -0.27559 -0.251598
1.86 -0.285189 -0.262075
1.87 -0.294759 -0.272623
1.88 -0.3043 -0.283241
1.89 -0.313811 -0.293929
1.9 -0.32329 -0.304687
1.91 -0.332736 -0.315517
1.92 -0.34215 -0.326416
1.93 -0.351529 -0.337386
1.94 -0.360873 -0.348426
1.95 -0.370181 -0.359537
1.96 -0.379452 -0.370718
1.97 -0.388685 -0.38197
1.98 -0.397879 -0.393292
1.99 -0.407033 -0.404684
2 -0.416147 -0.416147
2.01 -0.425219 -0.427569
2.02 -0.434248 -0.438839
2.03 -0.443234 -0.449957
2.04 -0.452176 -0.460923
2.05 -0.461073 -0.471738
2.06 -0.469923 -0.4824
2.07 -0.478727 -0.492911
2.08 -0.487482 -0.503269
2.09 -0.496189 -0.513476
2.1 -0.504846 -0.523531
2.11 -0.513453 -0.533434
2.12 -0.522008 -0.543184
2.13 -0.530511 -0.552783
2.14 -0.538961 -0.56223
2.15 -0.547358 -0.571526
2.16 -0.555699 -0.580669
2.17 -0.563985 -0.58966
2.18 -0.572215 -0.598499
2.19 -0.580387 -0.607187
2.2 -0.588501 -0.615722
2.21 -0.596557 -0.624106
2.22 -0.604552 -0.632338
2.23 -0.612488 -0.640417
2.24 -0.620362 -0.648345
2.25 -0.628174 -0.656121
2.26 -0.635923 -0.663745
2.27 -0.643608 -0.671217
2.28 -0.65123 -0.678537
2.29 -0.658786 -0.685705
2.3 -0.666276 -0.692722
2.31 -0.6737 -0.699586
2.32 -0.681056 -0.706299
2.33 -0.688344 -0.712859
2.34 -0.695563 -0.719268
2.35 -0.702713 -0.725524
2.36 -0.709793 -0.731629
2.37 -0.716801 -0.737582
2.38 -0.723738 -0.743383
2.39 -0.730602 -0.749032
2.4 -0.737394 -0.754529
2.41 -0.744111 -0.759874
2.42 -0.750755 -0.765067
2.43 -0.757323 -0.770108
2.44 -0.763815 -0.774998
2.45 -0.770231 -0.779735
2.46 -0.77657 -0.784321
2.47 -0.782832 -0.788754
2.48 -0.789015 -0.793036
2.49 -0.795119 -0.797166
2.5 -0.801144 -0.801144
2.51 -0.807088 -0.805043
2.52 -0.812952 -0.808937
2.53 -0.818735 -0.812827
2.54 -0.824435 -0.816711
2.55 -0.830054 -0.82059
2.56 -0.835589 -0.824465
2.57 -0.84104 -0.828334
2.58 -0.846408 -0.832199
2.59 -0.851691 -0.836058
2.6 -0.856889 -0.839912
2.61 -0.862001 -0.843762
2.62 -0.867027 -0.847606
2.63 -0.871966 -0.851446
2.64 -0.876818 -0.85528
2.65 -0.881582 -0.85911
2.66 -0.886258 -0.862934
2.67 -0.890846 -0.866753
2.68 -0.895344 -0.870568
2.69 -0.899753 -0.874377
2.7 -0.904072 -0.878182
2.71 -0.908301 -0.881981
2.72 -0.912438 -0.885776
2.73 -0.916485 -0.889565
2.74 -0.92044 -0.89335
2.75 -0.924302 -0.897129
2.76 -0.928073 -0.900904
2.77 -0.93175 -0.904673
2.78 -0.935335 -0.908438
2.79 -0.938825 -0.912197
2.8 -0.942222 -0.915952
2.81 -0.945525 -0.919701
2.82 -0.948733 -0.923446
2.83 -0.951847 -0.927185
2.84 -0.954865 -0.93092
2.85 -0.957787 -0.934649
2.86 -0.960614 -0.938374
2.87 -0.963345 -0.942093
2.88 -0.965979 -0.945808
2.89 -0.968517 -0.949517
2.9 -0.970958 -0.953222
2.91 -0.973302 -0.956921
2.92 -0.975549 -0.960616
2.93 -0.977698 -0.964305
2.94 -0.979749 -0.96799
2.95 -0.981702 -0.97167
2.96 -0.983557 -0.975344
2.97 -0.985314 -0.979014
2.98 -0.986972 -0.982678
2.99 -0.988532 -0.986338
3 -0.989992 -0.989992
3.01 -0.991354 -0.99355
3.02 -0.992617 -0.996919
3.03 -0.99378 -1.0001
3.04 -0.994844 -1.00309
3.05 -0.995808 -1.00589
3.06 -0.996673 -1.0085
3.07 -0.997438 -1.01093
3.08 -0.998104 -1.01316
3.09 -0.998669 -1.01521
3.1 -0.999135 -1.01707
3.11 -0.999501 -1.01874
3.12 -0.999767 -1.02022
3.13 -0.999933 -1.02151
3.14 -0.999999 -1.02261
3.15 -0.999965 -1.02352
3.16 -0.999831 -1.02425
3.17 -0.999597 -1.02478
3.18 -0.999263 -1.02513
3.19 -0.998829 -1.02528
3.2 -0.998295 -1.02525
3.21 -0.997661 -1.02503
3.22 -0.996928 -1.02462
3.23 -0.996095 -1.02402
3.24 -0.995162 -1.02324
3.25 -0.99413 -1.02226
3.26 -0.992998 -1.02109
3.27 -0.991767 -1.01974
3.28 -0.990437 -1.0182
3.29 -0.989008 -1.01647
3.3 -0.98748 -1.01454
3.31 -0.985853 -1.01243
3.32 -0.984128 -1.01014
3.33 -0.982304 -1.00765
3.34 -0.980382 -1.00497
3.35 -0.978362 -1.00211
3.36 -0.976244 -0.999053
3.37 -0.974028 -0.995809
3.38 -0.971715 -0.992377
3.39 -0.969305 -0.988756
3.4 -0.966798 -0.984946
3.41 -0.964194 -0.980947
3.42 -0.961494 -0.97676
3.43 -0.958698 -0.972383
3.44 -0.955806 -0.967817
3.45 -0.952818 -0.963063
3.46 -0.949735 -0.958119
3.47 -0.946557 -0.952987
3.48 -0.943285 -0.947666
3.49 -0.939918 -0.942156
3.5 -0.936457 -0.936457
3.51 -0.932902 -0.930666
3.52 -0.929254 -0.924881
3.53 -0.925513 -0.919101
3.54 -0.92168 -0.913327
3.55 -0.917755 -0.907558
3.56 -0.913737 -0.901794
3.57 -0.909629 -0.896037
3.58 -0.905429 -0.890284
3.59 -0.901139 -0.884537
3.6 -0.896758 -0.878796
3.61 -0.892288 -0.87306
3.62 -0.887729 -0.86733
3.63 -0.883081 -0.861605
3.64 -0.878345 -0.855885
3.65 -0.873521 -0.850172
3.66 -0.868609 -0.844463
3.67 -0.863611 -0.83876
3.68 -0.858526 -0.833063
3.69 -0.853356 -0.827371
3.7 -0.8481 -0.821684
3.71 -0.842759 -0.816003
3.72 -0.837334 -0.810328
3.73 -0.831826 -0.804658
3.74 -0.826234 -0.798993
3.75 -0.820559 -0.793334
3.76 -0.814803 -0.787681
3.77 -0.808965 -0.782033
3.78 -0.803046 -0.77639
3.79 -0.797047 -0.770753
3.8 -0.790968 -0.765122
3.81 -0.78481 -0.759496
3.82 -0.778573 -0.753875
3.83 -0.772259 -0.74826
3.84 -0.765867 -0.74265
3.85 -0.759399 -0.737046
3.86 -0.752855 -0.731448
3.87 -0.746236 -0.725855
3.88 -0.739542 -0.720267
3.89 -0.732774 -0.714685
3.9 -0.725932 -0.709108
3.91 -0.719018 -0.703537
3.92 -0.712033 -0.697971
3.93 -0.704976 -0.692411
3.94 -0.697848 -0.686856
3.95 -0.690651 -0.681307
3.96 -0.683385 -0.675764
3.97 -0.67605 -0.670225
3.98 -0.668648 -0.664693
3.99 -0.661179 -0.659165
4 -0.653644 -0.653644
4.01 -0.646043 -0.648058
4.02 -0.638378 -0.642339
4.03 -0.630649 -0.636486
4.04 -0.622857 -0.630499
4.05 -0.615002 -0.62438
4.06 -0.607087 -0.618126
4.07 -0.59911 -0.611739
4.08 -0.591073 -0.605219
4.09 -0.582978 -0.598565
4.1 -0.574824 -0.591778
4.11 -0.566613 -0.584857
4.12 -0.558345 -0.577802
4.13 -0.550021 -0.570614
4.14 -0.541642 -0.563293
4.15 -0.533209 -0.555838
4.16 -0.524722 -0.548249
4.17 -0.516184 -0.540527
4.18 -0.507593 -0.532672
4.19 -0.498952 -0.524683
4.2 -0.490261 -0.51656
4.21 -0.481521 -0.508304
4.22 -0.472732 -0.499914
4.23 -0.463897 -0.491391
4.24 -0.455015 -0.482734
4.25 -0.446087 -0.473944
4.26 -0.437115 -0.46502
4.27 -0.4281 -0.455963
4.28 -0.419041 -0.446772
4.29 -0.409941 -0.437448
4.3 -0.400799 -0.42799
4.31 -0.391618 -0.418399
4.32 -0.382397 -0.408674
4.33 -0.373138 -0.398816
4.34 -0.363842 -0.388824
4.35 -0.354509 -0.378699
4.36 -0.345141 -0.36844
4.37 -0.335738 -0.358047
4.38 -0.326302 -0.347521
4.39 -0.316833 -0.336862
4.4 -0.307333 -0.326069
4.41 -0.297802 -0.315143
4.42 -0.288241 -0.304083
4.43 -0.278651 -0.292889
4.44 -0.269033 -0.281562
4.45 -0.259389 -0.270101
4.46 -0.249718 -0.258507
4.47 -0.240022 -0.24678
4.48 -0.230303 -0.234919
4.49 -0.22056 -0.222924
4.5 -0.210796 -0.210796
4.51 -0.20101 -0.198647
4.52 -0.191204 -0.18659
4.53 -0.181379 -0.174626
4.54 -0.171536 -0.162754
4.55 -0.161676 -0.150974
4.56 -0.1518 -0.139286
4.57 -0.141908 -0.127691
4.58 -0.132003 -0.116188
4.59 -0.122084 -0.104777
4.6 -0.112153 -0.0934582
4.61 -0.10221 -0.0822317
4.62 -0.0922576 -0.0710974
4.63 -0.0822958 -0.0600554
4.64 -0.0723258 -0.0491056
4.65 -0.0623485 -0.038248
4.66 -0.052365 -0.0274827
4.67 -0.0423763 -0.0168095
4.68 -0.0323833 -0.00622866
4.69 -0.0223871 0.00426
4.7 -0.0123887 0.0146564
4.71 -0.00238898 0.0249606
4.72 0.00761095 0.0351726
4.73 0.0176101 0.0452923
4.74 0.0276075 0.0553198
4.75 0.0376022 0.0652551
4.76 0.047593 0.0750981
4.77 0.0575792 0.084849
4.78 0.0675595 0.0945075
4.79 0.0775331 0.104074
4.8 0.087499 0.113548
4.81 0.0974561 0.12293
4.82 0.107403 0.13222
4.83 0.11734 0.141417
4.84 0.127265 0.150522
4.85 0.137177 0.159535
4.86 0.147076 0.168456
4.87 0.156959 0.177284
4.88 0.166827 0.186021
4.89 0.176679 0.194665
4.9 0.186512 0.203217
4.91 0.196327 0.211676
4.92 0.206123 0.220044
4.93 0.215898 0.228319
4.94 0.225651 0.236502
4.95 0.235381 0.244592
4.96 0.245089 0.252591
4.97 0.254771 0.260497
4.98 0.264428 0.268311
4.99 0.274059 0.276033
5 0.283662 0.283662
5.01 0.293237 0.291264
5.02 0.302783 0.298902
5.03 0.312298 0.306577
5.04 0.321782 0.314289
5.05 0.331234 0.322038
5.06 0.340653 0.329823
5.07 0.350037 0.337644
5.08 0.359387 0.345503
5.09 0.368701 0.353398
5.1 0.377978 0.36133
5.11 0.387217 0.369298
5.12 0.396417 0.377303
5.13 0.405578 0.385345
5.14 0.414698 0.393424
5.15 0.423777 0.401539
5.16 0.432813 0.40969
5.17 0.441806 0.417879
5.18 0.450755 0.426104
5.19 0.459659 0.434366
5.2 0.468517 0.442664
5.21 0.477328 0.450999
5.22 0.486091 0.459371
5.23 0.494806 0.46778
5.24 0.503471 0.476225
5.25 0.512085 0.484707
5.26 0.520649 0.493225
5.27 0.529161 0.50178
5.28 0.537619 0.510372
5.29 0.546024 0.519001
5.3 0.554374 0.527666
5.31 0.562669 0.536368
5.32 0.570908 0.545106
5.33 0.579089 0.553881
5.34 0.587213 0.562693
5.35 0.595278 0.571542
5.36 0.603283 0.580427
5.37 0.611228 0.589349
5.38 0.619112 0.598307
5.39 0.626934 0.607302
5.4 0.634693 0.616334
5.41 0.642389 0.625403
5.42 0.65002 0.634508
5.43 0.657587 0.64365
5.44 0.665088 0.652828
5.45 0.672522 0.662044
5.46 0.679889 0.671296
5.47 0.687188 0.680584
5.48 0.694418 0.689909
5.49 0.701579 0.699271
5.5 0.70867 0.70867
5.51 0.71569 0.717999
5.52 0.722638 0.727153
5.53 0.729514 0.736131
5.54 0.736317 0.744934
5.55 0.743046 0.753561
5.56 0.749702 0.762013
5.57 0.756282 0.770289
5.58 0.762786 0.77839
5.59 0.769215 0.786315
5.6 0.775566 0.794065
5.61 0.78184 0.801639
5.62 0.788035 0.809038
5.63 0.794152 0.816262
5.64 0.800189 0.82331
5.65 0.806147 0.830182
5.66 0.812024 0.836879
5.67 0.817819 0.843401
5.68 0.823533 0.849747
5.69 0.829164 0.855917
5.7 0.834713 0.861913
5.71 0.840178 0.867732
5.72 0.845559 0.873376
5.73 0.850855 0.878845
5.74 0.856067 0.884138
5.75 0.861192 0.889256
5.76 0.866232 0.894198
5.77 0.871185 0.898965
5.78 0.876051 0.903556
5.79 0.880829 0.907972
5.8 0.88552 0.912213
5.81 0.890121 0.916278
5.82 0.894634 0.920167
5.83 0.899057 0.923881
5.84 0.90339 0.927419
5.85 0.907633 0.930782
5.86 0.911785 0.93397
5.87 0.915846 0.936982
5.88 0.919816 0.939819
5.89 0.923693 0.94248
5.9 0.927478 0.944965
5.91 0.931171 0.947275
5.92 0.93477 0.94941
5.93 0.938276 0.951369
5.94 0.941688 0.953153
5.95 0.945005 0.954761
5.96 0.948229 0.956194
5.97 0.951357 0.957451
5.98 0.95439 0.958533
5.99 0.957328 0.959439
6 0.96017 0.96017
6.01 0.962916 0.960807
6.02 0.965566 0.961431
6.03 0.968119 0.962043
6.04 0.970576 0.962642
6.05 0.972935 0.963229
6.06 0.975197 0.963802
6.07 0.977362 0.964364
6.08 0.979429 0.964912
6.09 0.981398 0.965448
6.1 0.983268 0.965972
6.11 0.985041 0.966483
6.12 0.986715 0.966981
6.13 0.98829 0.967467
6.14 0.989766 0.96794
6.15 0.991144 0.968401
6.16 0.992422 0.968849
6.17 0.993601 0.969284
6.18 0.994681 0.969707
6.19 0.995661 0.970117
6.2 0.996542 0.970515
6.21 0.997323 0.9709
6.22 0.998004 0.971272
6.23 0.998586 0.971632
6.24 0.999068 0.971979
6.25 0.999449 0.972314
6.26 0.999731 0.972636
6.27 0.999913 0.972945
6.28 0.999995 0.973242
6.29 0.999977 0.973526
6.3 0.999859 0.973798
6.31 0.999641 0.974057
6.32 0.999322 0.974304
6.33 0.998904 0.974538
6.34 0.998386 0.974759
6.35 0.997769 0.974968
6.36 0.997051 0.975164
6.37 0.996234 0.975347
6.38 0.995317 0.975518
6.39 0.994301 0.975677
6.4 0.993185 0.975822
6.41 0.99197 0.975956
6.42 0.990655 0.976076
6.43 0.989242 0.976184
6.44 0.98773 0.97628
6.45 0.986119 0.976362
6.46 0.984409 0.976433
6.47 0.982601 0.97649
6.48 0.980694 0.976535
6.49 0.97869 0.976568
6.5 0.976588 0.976588
6.51 0.974388 0.976512
6.52 0.97209 0.976257
6.53 0.969696 0.975824
6.54 0.967204 0.975212
6.55 0.964616 0.974422
6.56 0.961931 0.973453
6.57 0.95915 0.972305
6.58 0.956273 0.970978
6.59 0.9533 0.969473
6.6 0.950233 0.967789
6.61 0.94707 0.965926
6.62 0.943812 0.963885
6.63 0.94046 0.961665
6.64 0.937014 0.959266
6.65 0.933474 0.956688
6.66 0.929841 0.953932
6.67 0.926115 0.950997
6.68 0.922297 0.947884
6.69 0.918386 0.944592
6.7 0.914383 0.941121
6.71 0.910289 0.937471
6.72 0.906104 0.933643
6.73 0.901828 0.929636
6.74 0.897462 0.92545
6.75 0.893006 0.921086
6.76 0.888461 0.916543
6.77 0.883827 0.911821
6.78 0.879105 0.906921
6.79 0.874295 0.901842
6.8 0.869397 0.896584
6.81 0.864413 0.891147
6.82 0.859342 0.885532
6.83 0.854185 0.879738
6.84 0.848943 0.873766
6.85 0.843616 0.867614
6.86 0.838204 0.861284
6.87 0.832709 0.854776
6.88 0.82713 0.848088
6.89 0.821469 0.841222
6.9 0.815725 0.834178
6.91 0.8099 0.826954
6.92 0.803994 0.819552
6.93 0.798007 0.811971
6.94 0.791941 0.804212
6.95 0.785796 0.796274
6.96 0.779572 0.788157
6.97 0.77327 0.779861
6.98 0.76689 0.771387
6.99 0.760434 0.762734
7 0.753902 0.753902
7.01 0.747295 0.744997
7.02 0.740613 0.736122
7.03 0.733856 0.727279
7.04 0.727027 0.718467
7.05 0.720124 0.709685
7.06 0.71315 0.700935
7.07 0.706104 0.692215
7.08 0.698988 0.683527
7.09 0.691802 0.67487
7.1 0.684547 0.666244
7.11 0.677223 0.657648
7.12 0.669831 0.649084
7.13 0.662373 0.640551
7.14 0.654848 0.632049
7.15 0.647258 0.623578
7.16 0.639603 0.615138
7.17 0.631884 0.606729
7.18 0.624102 0.598351
7.19 0.616257 0.590004
7.2 0.608351 0.581688
7.21 0.600384 0.573403
7.22 0.592357 0.565149
7.23 0.584271 0.556926
7.24 0.576126 0.548734
7.25 0.567924 0.540573
7.26 0.559665 0.532443
7.27 0.55135 0.524345
7.28 0.54298 0.516277
7.29 0.534555 0.50824
7.3 0.526078 0.500234
7.31 0.517547 0.49226
7.32 0.508965 0.484316
7.33 0.500332 0.476403
7.34 0.491648 0.468522
7.35 0.482916 0.460671
7.36 0.474135 0.452852
7.37 0.465307 0.445063
7.38 0.456433 0.437305
7.39 0.447512 0.429579
7.4 0.438547 0.421884
7.41 0.429538 0.414219
7.42 0.420487 0.406586
7.43 0.411393 0.398983
7.44 0.402258 0.391412
7.45 0.393083 0.383872
7.46 0.383868 0.376362
7.47 0.374615 0.368884
7.48 0.365325 0.361437
7.49 0.355998 0.354021
7.5 0.346635 0.346635
7.51 0.337238 0.339216
7.52 0.327807 0.331698
7.53 0.318344 0.324081
7.54 0.308848 0.316365
7.55 0.299322 0.30855
7.56 0.289765 0.300637
7.57 0.28018 0.292624
7.58 0.270567 0.284512
7.59 0.260926 0.276302
7.6 0.25126 0.267992
7.61 0.241568 0.259584
7.62 0.231852 0.251077
7.63 0.222114 0.242471
7.64 0.212352 0.233765
7.65 0.20257 0.224961
7.66 0.192767 0.216058
7.67 0.182945 0.207057
7.68 0.173105 0.197956
7.69 0.163248 0.188756
7.7 0.153374 0.179457
7.71 0.143485 0.17006
7.72 0.133581 0.160563
7.73 0.123664 0.150968
7.74 0.113735 0.141274
7.75 0.103794 0.13148
7.76 0.0938433 0.121588
7.77 0.0838829 0.111597
7.78 0.0739142 0.101507
7.79 0.063938 0.0913181
7.8 0.0539554 0.0810303
7.81 0.0439675 0.0706435
7.82 0.0339751 0.0601578
7.83 0.0239793 0.0495732
7.84 0.0139812 0.0388897
7.85 0.00398162 0.0281072
7.86 -0.00601833 0.0172258
7.87 -0.0160177 0.00624555
7.88 -0.0260154 -0.00483366
7.89 -0.0360106 -0.0160118
7.9 -0.0460021 -0.0272889
7.91 -0.0559891 -0.0386648
7.92 -0.0659704 -0.0501397
7.93 -0.0759452 -0.0617135
7.94 -0.0859123 -0.0733863
7.95 -0.0958709 -0.0851579
7.96 -0.10582 -0.0970285
7.97 -0.115758 -0.108998
7.98 -0.125685 -0.121066
7.99 -0.135599 -0.133234
8 -0.1455 -0.1455
8.01 -0.155386 -0.157752
8.02 -0.165257 -0.169877
8.03 -0.175111 -0.181874
8.04 -0.184947 -0.193744
8.05 -0.194765 -0.205486
8.06 -0.204564 -0.217101
8.07 -0.214342 -0.228588
8.08 -0.224099 -0.239948
8.09 -0.233833 -0.251181
8.1 -0.243544 -0.262286
8.11 -0.253231 -0.273264
8.12 -0.262892 -0.284114
8.13 -0.272527 -0.294837
8.14 -0.282135 -0.305433
8.15 -0.291714 -0.315901
8.16 -0.301264 -0.326242
8.17 -0.310785 -0.336455
8.18 -0.320274 -0.346541
8.19 -0.329731 -0.3565
8.2 -0.339155 -0.366331
8.21 -0.348545 -0.376034
8.22 -0.3579 -0.38561
8.23 -0.36722 -0.395059
8.24 -0.376503 -0.404381
8.25 -0.385748 -0.413575
8.26 -0.394955 -0.422641
8.27 -0.404122 -0.43158
8.28 -0.413248 -0.440392
8.29 -0.422334 -0.449076
8.3 -0.431377 -0.457633
8.31 -0.440377 -0.466062
8.32 -0.449333 -0.474364
8.33 -0.458244 -0.482539
8.34 -0.467109 -0.490586
8.35 -0.475928 -0.498506
8.36 -0.484698 -0.506298
8.37 -0.493421 -0.513963
8.38 -0.502094 -0.521501
8.39 -0.510717 -0.528911
8.4 -0.519289 -0.536193
8.41 -0.527809 -0.543349
8.42 -0.536276 -0.550376
8.43 -0.544689 -0.557277
8.44 -0.553048 -0.56405
8.45 -0.561352 -0.570695
8.46 -0.569599 -0.577214
8.47 -0.57779 -0.583604
8.48 -0.585923 -0.589868
8.49 -0.593997 -0.596003
8.5 -0.602012 -0.602012
8.51 -0.609967 -0.607961
8.52 -0.61786 -0.61392
8.53 -0.625692 -0.619889
8.54 -0.633461 -0.625867
8.55 -0.641167 -0.631854
8.56 -0.648809 -0.637852
8.57 -0.656386 -0.643858
8.58 -0.663897 -0.649874
8.59 -0.671342 -0.6559
8.6 -0.67872 -0.661935
8.61 -0.68603 -0.667979
8.62 -0.693271 -0.674033
8.63 -0.700443 -0.680097
8.64 -0.707545 -0.68617
8.65 -0.714576 -0.692252
8.66 -0.721536 -0.698345
8.67 -0.728424 -0.704446
8.68 -0.735238 -0.710557
8.69 -0.74198 -0.716678
8.7 -0.748647 -0.722808
8.71 -0.755239 -0.728947
8.72 -0.761755 -0.735097
8.73 -0.768196 -0.741255
8.74 -0.77456 -0.747423
8.75 -0.780846 -0.753601
8.76 -0.787054 -0.759788
8.77 -0.793183 -0.765985
8.78 -0.799233 -0.772191
8.79 -0.805203 -0.778406
8.8 -0.811093 -0.784632
8.81 -0.816902 -0.790866
8.82 -0.822628 -0.79711
8.83 -0.828273 -0.803364
8.84 -0.833835 -0.809627
8.85 -0.839313 -0.8159
8.86 -0.844707 -0.822182
8.87 -0.850017 -0.828474
8.88 -0.855242 -0.834775
8.89 -0.860382 -0.841086
8.9 -0.865435 -0.847406
8.91 -0.870402 -0.853735
8.92 -0.875282 -0.860075
8.93 -0.880074 -0.866423
8.94 -0.884778 -0.872781
8.95 -0.889394 -0.879149
8.96 -0.893921 -0.885526
8.97 -0.898359 -0.891913
8.98 -0.902706 -0.898309
8.99 -0.906964 -0.904715
9 -0.91113 -0.91113
