0 1 1 0 -0.221074 -0
0.01 0.99995 0.997785 0.00998893 -0.222024 -0.00999983
0.02 0.9998 0.99556 0.0199557 -0.222974 -0.0199987
0.03 0.99955 0.993325 0.0299001 -0.223925 -0.0299955
0.04 0.9992 0.991081 0.0398221 -0.224875 -0.0399893
0.05 0.99875 0.988828 0.0497217 -0.225826 -0.0499792
0.06 0.998201 0.986565 0.0595986 -0.226776 -0.059964
0.07 0.997551 0.984292 0.0694529 -0.227727 -0.0699428
0.08 0.996802 0.98201 0.0792845 -0.228677 -0.0799147
0.09 0.995953 0.979718 0.0890931 -0.229628 -0.0898785
0.1 0.995004 0.977417 0.0988788 -0.230578 -0.0998334
0.11 0.993956 0.975107 0.108641 -0.231529 -0.109778
0.12 0.992809 0.972787 0.118381 -0.232479 -0.119712
0.13 0.991562 0.970457 0.128097 -0.233429 -0.129634
0.14 0.990216 0.968118 0.13779 -0.23438 -0.139543
0.15 0.988771 0.96577 0.147459 -0.23533 -0.149438
0.16 0.987227 0.963412 0.157105 -0.236281 -0.159318
0.17 0.985585 0.961044 0.166728 -0.237231 -0.169182
0.18 0.983844 0.958667 0.176326 -0.238182 -0.17903
0.19 0.982004 0.95628 0.185901 -0.239132 -0.188859
0.2 0.980067 0.953884 0.195452 -0.240083 -0.198669
0.21 0.978031 0.951479 0.204979 -0.241033 -0.20846
0.22 0.975897 0.949064 0.214481 -0.241984 -0.21823
0.23 0.973666 0.946639 0.22396 -0.242934 -0.227978
0.24 0.971338 0.944205 0.233414 -0.243884 -0.237703
0.25 0.968912 0.941761 0.242844 -0.244835 -0.247404
0.26 0.96639 0.939308 0.252249 -0.245785 -0.257081
0.27 0.963771 0.936846 0.26163 -0.246736 -0.266731
0.28 0.961055 0.934374 0.270986 -0.247686 -0.276356
0.29 0.958244 0.931892 0.280318 -0.248637 -0.285952
0.3 0.955336 0.929401 0.289624 -0.249587 -0.29552
0.31 0.952334 0.9269 0.298906 -0.250538 -0.305059
0.32 0.949235 0.92439 0.308162 -0.251488 -0.314567
0.33 0.946042 0.921871 0.317393 -0.252439 -0.324043
0.34 0.942755 0.919341 0.326599 -0.253389 -0.333487
0.35 0.939373 0.916803 0.33578 -0.254339 -0.342898
0.36 0.935897 0.914255 0.344935 -0.25529 -0.352274
0.37 0.932327 0.911697 0.354065 -0.25624 -0.361615
0.38 0.928665 0.90913 0.363169 -0.257191 -0.37092
0.39 0.924909 0.906553 0.372248 -0.258141 -0.380188
0.4 0.921061 0.903967 0.3813 -0.259092 -0.389418
0.41 0.917121 0.901371 0.390327 -0.260042 -0.398609
0.42 0.913089 0.898766 0.399328 -0.260993 -0.40776
0.43 0.908966 0.896151 0.408302 -0.261943 -0.416871
0.44 0.904752 0.893527 0.417251 -0.262893 -0.425939
0.45 0.900447 0.890894 0.426173 -0.263844 -0.434966
0.46 0.896052 0.88825 0.435069 -0.264794 -0.443948
0.47 0.891568 0.885598 0.443938 -0.265745 -0.452886
0.48 0.886995 0.882935 0.45278 -0.266695 -0.461779
0.49 0.882333 0.880264 0.461596 -0.267646 -0.470626
0.5 0.877583 0.877583 0.470386 -0.268596 -0.479426
0.51 0.872745 0.874815 0.479148 -0.284835 -0.488177
0.52 0.867819 0.871886 0.487881 -0.301073 -0.49688
0.53 0.862807 0.868794 0.496585 -0.317312 -0.505533
0.54 0.857709 0.86554 0.505257 -0.33355 -0.514136
0.55 0.852525 0.862123 0.513895 -0.349789 -0.522687
0.56 0.847255 0.858544 0.522499 -0.366028 -0.531186
0.57 0.841901 0.854802 0.531066 -0.382266 -0.539632
0.58 0.836463 0.850899 0.539594 -0.398505 -0.548024
0.59 0.830941 0.846832 0.548083 -0.414743 -0.556361
0.6 0.825336 0.842604 0.55653 -0.430982 -0.564642
0.61 0.819648 0.838213 0.564935 -0.447221 -0.572867
0.62 0.813878 0.833659 0.573294 -0.463459 -0.581035
0.63 0.808028 0.828943 0.581607 -0.479698 -0.589145
0.64 0.802096 0.824065 0.589872 -0.495936 -0.597195
0.65 0.796084 0.819025 0.598088 -0.512175 -0.605186
0.66 0.789992 0.813822 0.606252 -0.528413 -0.613117
0.67 0.783822 0.808456 0.614364 -0.544652 -0.620986
0.68 0.777573 0.802929 0.622421 -0.560891 -0.628793
0.69 0.771246 0.797239 0.630422 -0.577129 -0.636537
0.7 0.764842 0.791386 0.638365 -0.593368 -0.644218
0.71 0.758362 0.785371 0.646249 -0.609606 -0.651834
0.72 0.751806 0.779194 0.654072 -0.625845 -0.659385
0.73 0.745174 0.772854 0.661832 -0.642083 -0.66687
0.74 0.738469 0.766352 0.669529 -0.658322 -0.674288
0.75 0.731689 0.759688 0.677159 -0.674561 -0.681639
0.76 0.724836 0.752861 0.684722 -0.690799 -0.688921
0.77 0.717911 0.745872 0.692216 -0.707038 -0.696135
0.78 0.710914 0.73872 0.699639 -0.723276 -0.703279
0.79 0.703845 0.731406 0.706989 -0.739515 -0.710353
0.8 0.696707 0.72393 0.714266 -0.755753 -0.717356
0.81 0.689498 0.716291 0.721468 -0.771992 -0.724287
0.82 0.682221 0.70849 0.728592 -0.788231 -0.731146
0.83 0.674876 0.700527 0.735637 -0.804469 -0.737931
0.84 0.667463 0.692401 0.742602 -0.820708 -0.744643
0.85 0.659983 0.684113 0.749484 -0.836946 -0.75128
0.86 0.652437 0.675662 0.756283 -0.853185 -0.757843
0.87 0.644827 0.667049 0.762997 -0.869423 -0.764329
0.88 0.637151 0.658274 0.769624 -0.885662 -0.770739
0.89 0.629412 0.649336 0.776162 -0.901901 -0.777072
0.9 0.62161 0.640236 0.78261 -0.918139 -0.783327
0.91 0.613746 0.630973 0.788966 -0.934378 -0.789504
0.92 0.60582 0.621548 0.795229 -0.950616 -0.795602
0.93 0.597834 0.611961 0.801396 -0.966855 -0.80162
0.94 0.589788 0.602211 0.807467 -0.983093 -0.807558
0.95 0.581683 0.592299 0.81344 -0.999332 -0.813416
0.96 0.57352 0.582224 0.819313 -1.01557 -0.819192
0.97 0.5653 0.571987 0.825084 -1.03181 -0.824886
0.98 0.557023 0.561588 0.830752 -1.04805 -0.830497
0.99 0.54869 0.551026 0.836315 -1.06429 -0.836026
1 0.540302 0.540302 0.841772 -1.08052 -0.841471
1.01 0.531861 0.529525 0.847121 -1.07487 -0.846832
1.02 0.523366 0.518805 0.852363 -1.06921 -0.852108
1.03 0.514819 0.508141 0.857497 -1.06356 -0.857299
1.04 0.50622 0.497534 0.862526 -1.0579 -0.862404
1.05 0.497571 0.486983 0.867448 -1.05225 -0.867423
1.06 0.488872 0.476489 0.872266 -1.04659 -0.872355
1.07 0.480124 0.466051 0.876978 -1.04093 -0.877201
1.08 0.471328 0.45567 0.881587 -1.03528 -0.881958
1.09 0.462485 0.445346 0.886092 -1.02962 -0.886627
1.1 0.453596 0.435078 0.890494 -1.02397 -0.891207
1.11 0.444662 0.424866 0.894794 -1.01831 -0.895699
1.12 0.435682 0.414711 0.898991 -1.01266 -0.9001
1.13 0.42666 0.404613 0.903088 -1.007 -0.904412
1.14 0.417595 0.394572 0.907084 -1.00134 -0.908633
1.15 0.408487 0.384586 0.91098 -0.995688 -0.912764
1.16 0.39934 0.374658 0.914776 -0.990032 -0.916803
1.17 0.390152 0.364786 0.918473 -0.984376 -0.920751
1.18 0.380925 0.35497 0.922072 -0.978721 -0.924606
1.19 0.37166 0.345211 0.925573 -0.973065 -0.928369
1.2 0.362358 0.335509 0.928976 -0.967409 -0.932039
1.21 0.353019 0.325863 0.932283 -0.961753 -0.935616
1.22 0.343646 0.316274 0.935494 -0.956098 -0.939099
1.23 0.334238 0.306741 0.938609 -0.950442 -0.942489
1.24 0.324796 0.297265 0.941629 -0.944786 -0.945784
1.25 0.315322 0.287845 0.944554 -0.93913 -0.948985
1.26 0.305817 0.278482 0.947386 -0.933474 -0.95209
1.27 0.296281 0.269176 0.950124 -0.927819 -0.955101
1.28 0.286715 0.259926 0.952769 -0.922163 -0.958016
1.29 0.277121 0.250733 0.955323 -0.916507 -0.960835
1.3 0.267499 0.241596 0.957784 -0.910851 -0.963558
1.31 0.25785 0.232516 0.960155 -0.905196 -0.966185
1.32 0.248175 0.223492 0.962435 -0.89954 -0.968715
1.33 0.238476 0.214525 0.964625 -0.893884 -0.971148
1.34 0.228753 0.205614 0.966725 -0.888228 -0.973485
1.35 0.219007 0.19676 0.968737 -0.882572 -0.975723
1.36 0.209239 0.187963 0.970661 -0.876917 -0.977865
1.37 0.19945 0.179222 0.972497 -0.871261 -0.979908
1.38 0.189641 0.170538 0.974245 -0.865605 -0.981854
1.39 0.179813 0.16191 0.975908 -0.859949 -0.983701
1.4 0.169967 0.153339 0.977484 -0.854293 -0.98545
1.41 0.160104 0.144824 0.978975 -0.848638 -0.9871
1.42 0.150225 0.136366 0.980381 -0.842982 -0.988652
1.43 0.140332 0.127964 0.981702 -0.837326 -0.990105
1.44 0.130424 0.119619 0.98294 -0.83167 -0.991458
1.45 0.120503 0.111331 0.984095 -0.826015 -0.992713
1.46 0.11057 0.103099 0.985167 -0.820359 -0.993868
1.47 0.100626 0.0949238 0.986157 -0.814703 -0.994924
1.48 0.0906716 0.086805 0.987065 -0.809047 -0.995881
1.49 0.0807084 0.0787428 0.987893 -0.803391 -0.996738
1.5 0.0707372 0.0707372 0.988641 -0.797736 -0.997495
1.51 0.0607589 0.0627246 0.989308 -0.804777 -0.998152
1.52 0.0507745 0.0546417 0.989895 -0.811818 -0.99871
1.53 0.040785 0.0464883 0.9904 -0.818859 -0.999168
1.54 0.0307915 0.0382645 0.990824 -0.825901 -0.999526
1.55 0.0207948 0.0299703 0.991166 -0.832942 -0.999784
1.56 0.0107961 0.0216056 0.991423 -0.839983 -0.999942
1.57 0.000796327 0.0131706 0.991597 -0.847025 -1
1.58 -0.00920354 0.00466514 0.991687 -0.854066 -0.999958
1.59 -0.0192025 -0.00391073 0.99169 -0.861107 -0.999816
1.6 -0.0291995 -0.012557 0.991608 -0.868149 -0.999574
1.61 -0.0391936 -0.0212737 0.991439 -0.87519 -0.999232
1.62 -0.0491838 -0.0300608 0.991183 -0.882231 -0.99879
1.63 -0.0591691 -0.0389183 0.990838 -0.889272 -0.998248
1.64 -0.0691484 -0.0478463 0.990404 -0.896314 -0.997606
1.65 -0.0791209 -0.0568446 0.989881 -0.903355 -0.996865
1.66 -0.0890854 -0.0659134 0.989267 -0.910396 -0.996024
1.67 -0.099041 -0.0750525 0.988562 -0.917438 -0.995083
1.68 -0.108987 -0.0842621 0.987765 -0.924479 -0.994043
1.69 -0.118922 -0.0935421 0.986877 -0.93152 -0.992904
1.7 -0.128844 -0.102893 0.985894 -0.938562 -0.991665
1.71 -0.138755 -0.112313 0.984818 -0.945603 -0.990327
1.72 -0.148651 -0.121805 0.983648 -0.952644 -0.98889
1.73 -0.158532 -0.131366 0.982382 -0.959685 -0.987354
1.74 -0.168397 -0.140998 0.98102 -0.966727 -0.985719
1.75 -0.178246 -0.150701 0.979562 -0.973768 -0.983986
1.76 -0.188077 -0.160474 0.978006 -0.980809 -0.982154
1.77 -0.197889 -0.170317 0.976352 -0.987851 -0.980224
1.78 -0.207681 -0.180231 0.9746 -0.994892 -0.978197
1.79 -0.217452 -0.190215 0.972747 -1.00193 -0.976071
1.8 -0.227202 -0.200269 0.970795 -1.00897 -0.973848
1.81 -0.236929 -0.210394 0.968742 -1.01602 -0.971527
1.82 -0.246632 -0.22059 0.966587 -1.02306 -0.969109
1.83 -0.256311 -0.230855 0.96433 -1.0301 -0.966594
1.84 -0.265964 -0.241192 0.96197 -1.03714 -0.963983
1.85 -0.27559 -0.251598 0.959506 -1.04418 -0.961275
1.86 -0.285189 -0.262075 0.956937 -1.05122 -0.958471
1.87 -0.294759 -0.272623 0.954264 -1.05826 -0.955572
1.88 -0.3043 -0.283241 0.951485 -1.0653 -0.952576
1.89 -0.313811 -0.293929 0.948599 -1.07235 -0.949486
1.9 -0.32329 -0.304687 0.945606 -1.07939 -0.9463
1.91 -0.332736 -0.315517 0.942505 -1.08643 -0.94302
1.92 -0.34215 -0.326416 0.939295 -1.09347 -0.939645
1.93 -0.351529 -0.337386 0.935976 -1.10051 -0.936177
1.94 -0.360873 -0.348426 0.932547 -1.10755 -0.932615
1.95 -0.370181 -0.359537 0.929008 -1.11459 -0.92896
1.96 -0.379452 -0.370718 0.925356 -1.12164 -0.925212
1.97 -0.388685 -0.38197 0.921593 -1.12868 -0.921371
1.98 -0.397879 -0.393292 0.917717 -1.13572 -0.917438
1.99 -0.407033 -0.404684 0.913727 -1.14276 -0.913413
2 -0.416147 -0.416147 0.909623 -1.1498 -0.909297
2.01 -0.425219 -0.427569 0.905404 -1.13461 -0.905091
2.02 -0.434248 -0.438839 0.901072 -1.11942 -0.900793
2.03 -0.443234 -0.449957 0.896628 -1.10422 -0.896406
2.04 -0.452176 -0.460923 0.892073 -1.08903 -0.891929
2.05 -0.461073 -0.471738 0.88741 -1.07384 -0.887362
2.06 -0.469923 -0.4824 0.882639 -1.05865 -0.882707
2.07 -0.478727 -0.492911 0.877762 -1.04345 -0.877964
2.08 -0.487482 -0.503269 0.872781 -1.02826 -0.873133
2.09 -0.496189 -0.513476 0.867697 -1.01307 -0.868215
2.1 -0.504846 -0.523531 0.862512 -0.997878 -0.863209
2.11 -0.513453 -0.533434 0.857227 -0.982685 -0.858118
2.12 -0.522008 -0.543184 0.851844 -0.967493 -0.85294
2.13 -0.530511 -0.552783 0.846364 -0.952301 -0.847678
2.14 -0.538961 -0.56223 0.840789 -0.937109 -0.84233
2.15 -0.547358 -0.571526 0.83512 -0.921916 -0.836899
2.16 -0.555699 -0.580669 0.829359 -0.906724 -0.831383
2.17 -0.563985 -0.58966 0.823507 -0.891532 -0.825785
2.18 -0.572215 -0.598499 0.817566 -0.87634 -0.820104
2.19 -0.580387 -0.607187 0.811538 -0.861147 -0.814341
2.2 -0.588501 -0.615722 0.805423 -0.845955 -0.808496
2.21 -0.596557 -0.624106 0.799224 -0.830763 -0.802571
2.22 -0.604552 -0.632338 0.792941 -0.81557 -0.796565
2.23 -0.612488 -0.640417 0.786578 -0.800378 -0.79048
2.24 -0.620362 -0.648345 0.780134 -0.785186 -0.784316
2.25 -0.628174 -0.656121 0.773611 -0.769994 -0.778073
2.26 -0.635923 -0.663745 0.767012 -0.754801 -0.771753
2.27 -0.643608 -0.671217 0.760337 -0.739609 -0.765355
2.28 -0.65123 -0.678537 0.753588 -0.724417 -0.758881
2.29 -0.658786 -0.685705 0.746767 -0.709224 -0.752331
2.3 -0.666276 -0.692722 0.739874 -0.694032 -0.745705
2.31 -0.6737 -0.699586 0.732913 -0.67884 -0.739005
2.32 -0.681056 -0.706299 0.725883 -0.663648 -0.732231
2.33 -0.688344 -0.712859 0.718787 -0.648455 -0.725384
2.34 -0.695563 -0.719268 0.711626 -0.633263 -0.718465
2.35 -0.702713 -0.725524 0.704402 -0.618071 -0.711473
2.36 -0.709793 -0.731629 0.697116 -0.602878 -0.704411
2.37 -0.716801 -0.737582 0.68977 -0.587686 -0.697278
2.38 -0.723738 -0.743383 0.682365 -0.572494 -0.690075
2.39 -0.730602 -0.749032 0.674903 -0.557302 -0.682803
2.4 -0.737394 -0.754529 0.667385 -0.542109 -0.675463
2.41 -0.744111 -0.759874 0.659813 -0.526917 -0.668056
2.42 -0.750755 -0.765067 0.652188 -0.511725 -0.660581
2.43 -0.757323 -0.770108 0.644512 -0.496533 -0.653041
2.44 -0.763815 -0.774998 0.636786 -0.48134 -0.645435
2.45 -0.770231 -0.779735 0.629013 -0.466148 -0.637765
2.46 -0.77657 -0.784321 0.621192 -0.450956 -0.630031
2.47 -0.782832 -0.788754 0.613327 -0.435763 -0.622234
2.48 -0.789015 -0.793036 0.605418 -0.420571 -0.614374
2.49 -0.795119 -0.797166 0.597467 -0.405379 -0.606454
2.5 -0.801144 -0.801144 0.589475 -0.390187 -0.598472
2.51 -0.807088 -0.805043 0.581444 -0.389687 -0.590431
2.52 -0.812952 -0.808937 0.573374 -0.389187 -0.582331
2.53 -0.818735 -0.812827 0.565265 -0.388688 -0.574172
2.54 -0.824435 -0.816711 0.557118 -0.388188 -0.565956
2.55 -0.830054 -0.82059 0.548931 -0.387689 -0.557684
2.56 -0.835589 -0.824465 0.540706 -0.387189 -0.549355
2.57 -0.84104 -0.828334 0.532442 -0.38669 -0.540972
2.58 -0.846408 -0.832199 0.524139 -0.38619 -0.532535
2.59 -0.851691 -0.836058 0.515798 -0.385691 -0.524044
2.6 -0.856889 -0.839912 0.507418 -0.385191 -0.515501
2.61 -0.862001 -0.843762 0.499 -0.384691 -0.506907
2.62 -0.867027 -0.847606 0.490543 -0.384192 -0.498262
2.63 -0.871966 -0.851446 0.482047 -0.383692 -0.489567
2.64 -0.876818 -0.85528 0.473514 -0.383193 -0.480823
2.65 -0.881582 -0.85911 0.464942 -0.382693 -0.472031
2.66 -0.886258 -0.862934 0.456332 -0.382194 -0.463191
2.67 -0.890846 -0.866753 0.447683 -0.381694 -0.454306
2.68 -0.895344 -0.870568 0.438997 -0.381195 -0.445375
2.69 -0.899753 -0.874377 0.430272 -0.380695 -0.436399
2.7 -0.904072 -0.878182 0.421509 -0.380196 -0.42738
2.71 -0.908301 -0.881981 0.412708 -0.379696 -0.418318
2.72 -0.912438 -0.885776 0.403869 -0.379196 -0.409214
2.73 -0.916485 -0.889565 0.394993 -0.378697 -0.400069
2.74 -0.92044 -0.89335 0.386078 -0.378197 -0.390885
2.75 -0.924302 -0.897129 0.377126 -0.377698 -0.381661
2.76 -0.928073 -0.900904 0.368136 -0.377198 -0.372399
2.77 -0.93175 -0.904673 0.359108 -0.376699 -0.3631
2.78 -0.935335 -0.908438 0.350042 -0.376199 -0.353764
2.79 -0.938825 -0.912197 0.340939 -0.3757 -0.344393
2.8 -0.942222 -0.915952 0.331798 -0.3752 -0.334988
2.81 -0.945525 -0.919701 0.32262 -0.3747 -0.325549
2.82 -0.948733 -0.923446 0.313404 -0.374201 -0.316078
2.83 -0.951847 -0.927185 0.304151 -0.373701 -0.306575
2.84 -0.954865 -0.93092 0.294861 -0.373202 -0.297041
2.85 -0.957787 -0.934649 0.285533 -0.372702 -0.287478
2.86 -0.960614 -0.938374 0.276168 -0.372203 -0.277886
2.87 -0.963345 -0.942093 0.266765 -0.371703 -0.268266
2.88 -0.965979 -0.945808 0.257326 -0.371204 -0.258619
2.89 -0.968517 -0.949517 0.247849 -0.370704 -0.248947
2.9 -0.970958 -0.953222 0.238335 -0.370204 -0.239249
2.91 -0.973302 -0.956921 0.228785 -0.369705 -0.229528
2.92 -0.975549 -0.960616 0.219197 -0.369205 -0.219784
2.93 -0.977698 -0.964305 0.209572 -0.368706 -0.210017
2.94 -0.979749 -0.96799 0.199911 -0.368206 -0.20023
2.95 -0.981702 -0.97167 0.190213 -0.367707 -0.190423
2.96 -0.983557 -0.975344 0.180478 -0.367207 -0.180596
2.97 -0.985314 -0.979014 0.170706 -0.366708 -0.170752
2.98 -0.986972 -0.982678 0.160897 -0.366208 -0.16089
2.99 -0.988532 -0.986338 0.151052 -0.365709 -0.151013
3 -0.989992 -0.989992 0.141171 -0.365209 -0.14112
3.01 -0.991354 -0.99355 0.131253 -0.346318 -0.131213
3.02 -0.992617 -0.996919 0.1213 -0.327427 -0.121293
3.03 -0.99378 -1.0001 0.111315 -0.308535 -0.111361
3.04 -0.994844 -1.00309 0.101299 -0.289644 -0.101418
3.05 -0.995808 -1.00589 0.0912537 -0.270753 -0.0914646
3.06 -0.996673 -1.0085 0.0811816 -0.251862 -0.0815022
3.07 -0.997438 -1.01093 0.0710843 -0.23297 -0.0715315
3.08 -0.998104 -1.01316 0.0609636 -0.214079 -0.0615537
3.09 -0.998669 -1.01521 0.0508216 -0.195188 -0.0515698
3.1 -0.999135 -1.01707 0.0406601 -0.176297 -0.0415807
3.11 -0.999501 -1.01874 0.0304809 -0.157406 -0.0315874
3.12 -0.999767 -1.02022 0.020286 -0.138514 -0.021591
3.13 -0.999933 -1.02151 0.0100772 -0.119623 -0.0115924
3.14 -0.999999 -1.02261 -0.000143533 -0.100732 -0.00159265
3.15 -0.999965 -1.02352 -0.0103743 -0.0818406 0.00840725
3.16 -0.999831 -1.02425 -0.0206133 -0.0629494 0.0184063
3.17 -0.999597 -1.02478 -0.0308586 -0.0440582 0.0284035
3.18 -0.999263 -1.02513 -0.0411083 -0.0251669 0.0383979
3.19 -0.998829 -1.02528 -0.0513605 -0.00627572 0.0483884
3.2 -0.998295 -1.02525 -0.0616133 0.0126155 0.0583741
3.21 -0.997661 -1.02503 -0.0718649 0.0315067 0.068354
3.22 -0.996928 -1.02462 -0.0821133 0.0503979 0.078327
3.23 -0.996095 -1.02402 -0.0923567 0.0692892 0.0882922
3.24 -0.995162 -1.02324 -0.102593 0.0881804 0.0982486
3.25 -0.99413 -1.02226 -0.112821 0.107072 0.108195
3.26 -0.992998 -1.02109 -0.123038 0.125963 0.118131
3.27 -0.991767 -1.01974 -0.133242 0.144854 0.128055
3.28 -0.990437 -1.0182 -0.143432 0.163745 0.137966
3.29 -0.989008 -1.01647 -0.153605 0.182637 0.147863
3.3 -0.98748 -1.01454 -0.163761 0.201528 0.157746
3.31 -0.985853 -1.01243 -0.173896 0.220419 0.167612
3.32 -0.984128 -1.01014 -0.184009 0.23931 0.177462
3.33 -0.982304 -1.00765 -0.194098 0.258201 0.187295
3.34 -0.980382 -1.00497 -0.204161 0.277093 0.197108
3.35 -0.978362 -1.00211 -0.214197 0.295984 0.206902
3.36 -0.976244 -0.999053 -0.224203 0.314875 0.216675
3.37 -0.974028 -0.995809 -0.234177 0.333766 0.226427
3.38 -0.971715 -0.992377 -0.244118 0.352658 0.236155
3.39 -0.969305 -0.988756 -0.254024 0.371549 0.245861
3.4 -0.966798 -0.984946 -0.263893 0.39044 0.255541
3.41 -0.964194 -0.980947 -0.273722 0.409331 0.265196
3.42 -0.961494 -0.97676 -0.283511 0.428222 0.274825
3.43 -0.958698 -0.972383 -0.293257 0.447114 0.284426
3.44 -0.955806 -0.967817 -0.302958 0.466005 0.293998
3.45 -0.952818 -0.963063 -0.312612 0.484896 0.303542
3.46 -0.949735 -0.958119 -0.322219 0.503787 0.313054
3.47 -0.946557 -0.952987 -0.331774 0.522679 0.322536
3.48 -0.943285 -0.947666 -0.341278 0.54157 0.331985
3.49 -0.939918 -0.942156 -0.350727 0.560461 0.341401
3.5 -0.936457 -0.936457 -0.36012 0.579352 0.350783
3.51 -0.932902 -0.930666 -0.369456 0.578803 0.36013
3.52 -0.929254 -0.924881 -0.378733 0.578254 0.369441
3.53 -0.925513 -0.919101 -0.387953 0.577705 0.378715
3.54 -0.92168 -0.913327 -0.397116 0.577156 0.387951
3.55 -0.917755 -0.907558 -0.40622 0.576607 0.397148
3.56 -0.913737 -0.901794 -0.415267 0.576058 0.406306
3.57 -0.909629 -0.896037 -0.424256 0.575509 0.415423
3.58 -0.905429 -0.890284 -0.433187 0.57496 0.424498
3.59 -0.901139 -0.884537 -0.442062 0.574411 0.433531
3.6 -0.896758 -0.878796 -0.450878 0.573862 0.44252
3.61 -0.892288 -0.87306 -0.459637 0.573313 0.451466
3.62 -0.887729 -0.86733 -0.468339 0.572764 0.460366
3.63 -0.883081 -0.861605 -0.476984 0.572215 0.46922
3.64 -0.878345 -0.855885 -0.485572 0.571666 0.478027
3.65 -0.873521 -0.850172 -0.494102 0.571117 0.486787
3.66 -0.868609 -0.844463 -0.502575 0.570568 0.495497
3.67 -0.863611 -0.83876 -0.510991 0.570018 0.504159
3.68 -0.858526 -0.833063 -0.51935 0.569469 0.512769
3.69 -0.853356 -0.827371 -0.527652 0.56892 0.521329
3.7 -0.8481 -0.821684 -0.535898 0.568371 0.529836
3.71 -0.842759 -0.816003 -0.544086 0.567822 0.538291
3.72 -0.837334 -0.810328 -0.552218 0.567273 0.546691
3.73 -0.831826 -0.804658 -0.560293 0.566724 0.555037
3.74 -0.826234 -0.798993 -0.568311 0.566175 0.563327
3.75 -0.820559 -0.793334 -0.576273 0.565626 0.571561
3.76 -0.814803 -0.787681 -0.584178 0.565077 0.579738
3.77 -0.808965 -0.782033 -0.592026 0.564528 0.587857
3.78 -0.803046 -0.77639 -0.599818 0.563979 0.595917
3.79 -0.797047 -0.770753 -0.607554 0.56343 0.603918
3.8 -0.790968 -0.765122 -0.615233 0.562881 0.611858
3.81 -0.78481 -0.759496 -0.622856 0.562332 0.619737
3.82 -0.778573 -0.753875 -0.630423 0.561783 0.627554
3.83 -0.772259 -0.74826 -0.637934 0.561234 0.635308
3.84 -0.765867 -0.74265 -0.645389 0.560685 0.642999
3.85 -0.759399 -0.737046 -0.652787 0.560136 0.650625
3.86 -0.752855 -0.731448 -0.660129 0.559587 0.658186
3.87 -0.746236 -0.725855 -0.667416 0.559038 0.665682
3.88 -0.739542 -0.720267 -0.674647 0.558489 0.673111
3.89 -0.732774 -0.714685 -0.681821 0.55794 0.680473
3.9 -0.725932 -0.709108 -0.68894 0.55739 0.687766
3.91 -0.719018 -0.703537 -0.696004 0.556841 0.694991
3.92 -0.712033 -0.697971 -0.703011 0.556292 0.702146
3.93 -0.704976 -0.692411 -0.709963 0.555743 0.709231
3.94 -0.697848 -0.686856 -0.716859 0.555194 0.716246
3.95 -0.690651 -0.681307 -0.7237 0.554645 0.723188
3.96 -0.683385 -0.675764 -0.730485 0.554096 0.730058
3.97 -0.67605 -0.670225 -0.737215 0.553547 0.736856
3.98 -0.668648 -0.664693 -0.74389 0.552998 0.743579
3.99 -0.661179 -0.659165 -0.750509 0.552449 0.750228
4 -0.653644 -0.653644 -0.757073 0.5519 0.756802
4.01 -0.646043 -0.648058 -0.763582 0.565252 0.763301
4.02 -0.638378 -0.642339 -0.770034 0.578604 0.769723
4.03 -0.630649 -0.636486 -0.776428 0.591956 0.776068
4.04 -0.622857 -0.630499 -0.782763 0.605307 0.782336
4.05 -0.615002 -0.62438 -0.789038 0.618659 0.788525
4.06 -0.607087 -0.618126 -0.79525 0.632011 0.794636
4.07 -0.59911 -0.611739 -0.8014 0.645363 0.800667
4.08 -0.591073 -0.605219 -0.807485 0.658715 0.806618
4.09 -0.582978 -0.598565 -0.813504 0.672066 0.812488
4.1 -0.574824 -0.591778 -0.819456 0.685418 0.818277
4.11 -0.566613 -0.584857 -0.825339 0.69877 0.823984
4.12 -0.558345 -0.577802 -0.831152 0.712122 0.829609
4.13 -0.550021 -0.570614 -0.836895 0.725474 0.835151
4.14 -0.541642 -0.563293 -0.842564 0.738826 0.840609
4.15 -0.533209 -0.555838 -0.84816 0.752177 0.845984
4.16 -0.524722 -0.548249 -0.85368 0.765529 0.851273
4.17 -0.516184 -0.540527 -0.859124 0.778881 0.856478
4.18 -0.507593 -0.532672 -0.864491 0.792233 0.861597
4.19 -0.498952 -0.524683 -0.869777 0.805585 0.86663
4.2 -0.490261 -0.51656 -0.874984 0.818937 0.871576
4.21 -0.481521 -0.508304 -0.880108 0.832288 0.876435
4.22 -0.472732 -0.499914 -0.885149 0.84564 0.881206
4.23 -0.463897 -0.491391 -0.890106 0.858992 0.885889
4.24 -0.455015 -0.482734 -0.894977 0.872344 0.890484
4.25 -0.446087 -0.473944 -0.89976 0.885696 0.894989
4.26 -0.437115 -0.46502 -0.904455 0.899047 0.899405
4.27 -0.4281 -0.455963 -0.90906 0.912399 0.903732
4.28 -0.419041 -0.446772 -0.913574 0.925751 0.907967
4.29 -0.409941 -0.437448 -0.917995 0.939103 0.912112
4.3 -0.400799 -0.42799 -0.922323 0.952455 0.916166
4.31 -0.391618 -0.418399 -0.926555 0.965807 0.920128
4.32 -0.382397 -0.408674 -0.93069 0.979158 0.923998
4.33 -0.373138 -0.398816 -0.934728 0.99251 0.927776
4.34 -0.363842 -0.388824 -0.938666 1.00586 0.931461
4.35 -0.354509 -0.378699 -0.942504 1.01921 0.935053
4.36 -0.345141 -0.36844 -0.94624 1.03257 0.938551
4.37 -0.335738 -0.358047 -0.949872 1.04592 0.941955
4.38 -0.326302 -0.347521 -0.9534 1.05927 0.945266
4.39 -0.316833 -0.336862 -0.956822 1.07262 0.948481
4.4 -0.307333 -0.326069 -0.960137 1.08597 0.951602
4.41 -0.297802 -0.315143 -0.963343 1.09932 0.954628
4.42 -0.288241 -0.304083 -0.966439 1.11268 0.957558
4.43 -0.278651 -0.292889 -0.969424 1.12603 0.960392
4.44 -0.269033 -0.281562 -0.972297 1.13938 0.963131
4.45 -0.259389 -0.270101 -0.975055 1.15273 0.965773
4.46 -0.249718 -0.258507 -0.977698 1.16608 0.968319
4.47 -0.240022 -0.24678 -0.980225 1.17944 0.970767
4.48 -0.230303 -0.234919 -0.982633 1.19279 0.973119
4.49 -0.22056 -0.222924 -0.984923 1.20614 0.975373
4.5 -0.210796 -0.210796 -0.987091 1.21949 0.97753
4.51 -0.20101 -0.198647 -0.989138 1.21027 0.979589
4.52 -0.191204 -0.18659 -0.991065 1.20105 0.98155
4.53 -0.181379 -0.174626 -0.992871 1.19182 0.983413
4.54 -0.171536 -0.162754 -0.994557 1.1826 0.985178
4.55 -0.161676 -0.150974 -0.996126 1.17338 0.986844
4.56 -0.1518 -0.139286 -0.997577 1.16415 0.988411
4.57 -0.141908 -0.127691 -0.998912 1.15493 0.98988
4.58 -0.132003 -0.116188 -1.00013 1.14571 0.991249
4.59 -0.122084 -0.104777 -1.00124 1.13648 0.99252
4.6 -0.112153 -0.0934582 -1.00223 1.12726 0.993691
4.61 -0.10221 -0.0822317 -1.00311 1.11804 0.994763
4.62 -0.0922576 -0.0710974 -1.00387 1.10882 0.995735
4.63 -0.0822958 -0.0600554 -1.00453 1.09959 0.996608
4.64 -0.0723258 -0.0491056 -1.00507 1.09037 0.997381
4.65 -0.0623485 -0.038248 -1.00551 1.08115 0.998054
4.66 -0.052365 -0.0274827 -1.00584 1.07192 0.998628
4.67 -0.0423763 -0.0168095 -1.00606 1.0627 0.999102
4.68 -0.0323833 -0.00622866 -1.00618 1.05348 0.999476
4.69 -0.0223871 0.00426 -1.00619 1.04425 0.999749
4.7 -0.0123887 0.0146564 -1.00609 1.03503 0.999923
4.71 -0.00238898 0.0249606 -1.00589 1.02581 0.999997
4.72 0.00761095 0.0351726 -1.00559 1.01658 0.999971
4.73 0.0176101 0.0452923 -1.00519 1.00736 0.999845
4.74 0.0276075 0.0553198 -1.00469 0.998139 0.999619
4.75 0.0376022 0.0652551 -1.00408 0.988916 0.999293
4.76 0.047593 0.0750981 -1.00338 0.979693 0.998867
4.77 0.0575792 0.084849 -1.00258 0.97047 0.998341
4.78 0.0675595 0.0945075 -1.00168 0.961247 0.997715
4.79 0.0775331 0.104074 -1.00069 0.952024 0.99699
4.8 0.087499 0.113548 -0.999603 0.942801 0.996165
4.81 0.0974561 0.12293 -0.998421 0.933578 0.99524
4.82 0.107403 0.13222 -0.997145 0.924355 0.994216
4.83 0.11734 0.141417 -0.995777 0.915132 0.993092
4.84 0.127265 0.150522 -0.994317 0.905909 0.991869
4.85 0.137177 0.159535 -0.992767 0.896686 0.990547
4.86 0.147076 0.168456 -0.991127 0.887463 0.989125
4.87 0.156959 0.177284 -0.989398 0.87824 0.987605
4.88 0.166827 0.186021 -0.987581 0.869017 0.985986
4.89 0.176679 0.194665 -0.985678 0.859794 0.984269
4.9 0.186512 0.203217 -0.983688 0.850571 0.982453
4.91 0.196327 0.211676 -0.981614 0.841348 0.980538
4.92 0.206123 0.220044 -0.979455 0.832125 0.978526
4.93 0.215898 0.228319 -0.977213 0.822902 0.976416
4.94 0.225651 0.236502 -0.974889 0.813679 0.974208
4.95 0.235381 0.244592 -0.972483 0.804456 0.971903
4.96 0.245089 0.252591 -0.969997 0.795233 0.969501
4.97 0.254771 0.260497 -0.967432 0.78601 0.967001
4.98 0.264428 0.268311 -0.964788 0.776787 0.964405
4.99 0.274059 0.276033 -0.962066 0.767564 0.961713
5 0.283662 0.283662 -0.959267 0.758341 0.958924
5.01 0.293237 0.291264 -0.956393 0.762008 0.95604
5.02 0.302783 0.298902 -0.953442 0.765675 0.95306
5.03 0.312298 0.306577 -0.950415 0.769342 0.949984
5.04 0.321782 0.314289 -0.94731 0.773009 0.946814
5.05 0.331234 0.322038 -0.944129 0.776676 0.943549
5.06 0.340653 0.329823 -0.940869 0.780343 0.940189
5.07 0.350037 0.337644 -0.937532 0.78401 0.936736
5.08 0.359387 0.345503 -0.934116 0.787677 0.933189
5.09 0.368701 0.353398 -0.930622 0.791344 0.929548
5.1 0.377978 0.36133 -0.927048 0.795011 0.925815
5.11 0.387217 0.369298 -0.923395 0.798677 0.921989
5.12 0.396417 0.377303 -0.919662 0.802344 0.91807
5.13 0.405578 0.385345 -0.915849 0.806011 0.91406
5.14 0.414698 0.393424 -0.911955 0.809678 0.909959
5.15 0.423777 0.401539 -0.90798 0.813345 0.905767
5.16 0.432813 0.40969 -0.903924 0.817012 0.901484
5.17 0.441806 0.417879 -0.899787 0.820679 0.897111
5.18 0.450755 0.426104 -0.895567 0.824346 0.892648
5.19 0.459659 0.434366 -0.891264 0.828013 0.888096
5.2 0.468517 0.442664 -0.886879 0.83168 0.883455
5.21 0.477328 0.450999 -0.882411 0.835347 0.878725
5.22 0.486091 0.459371 -0.877859 0.839014 0.873908
5.23 0.494806 0.46778 -0.873223 0.842681 0.869004
5.24 0.503471 0.476225 -0.868503 0.846348 0.864012
5.25 0.512085 0.484707 -0.863699 0.850015 0.858934
5.26 0.520649 0.493225 -0.858809 0.853682 0.853771
5.27 0.529161 0.50178 -0.853834 0.857349 0.848522
5.28 0.537619 0.510372 -0.848773 0.861016 0.843188
5.29 0.546024 0.519001 -0.843627 0.864683 0.837769
5.3 0.554374 0.527666 -0.838393 0.86835 0.832267
5.31 0.562669 0.536368 -0.833073 0.872017 0.826682
5.32 0.570908 0.545106 -0.827666 0.875684 0.821014
5.33 0.579089 0.553881 -0.822171 0.879351 0.815264
5.34 0.587213 0.562693 -0.816588 0.883018 0.809433
5.35 0.595278 0.571542 -0.810917 0.886685 0.80352
5.36 0.603283 0.580427 -0.805157 0.890352 0.797527
5.37 0.611228 0.589349 -0.799308 0.894019 0.791455
5.38 0.619112 0.598307 -0.79337 0.897686 0.785303
5.39 0.626934 0.607302 -0.787342 0.901353 0.779073
5.4 0.634693 0.616334 -0.781224 0.90502 0.772764
5.41 0.642389 0.625403 -0.775015 0.908687 0.766379
5.42 0.65002 0.634508 -0.768716 0.912354 0.759917
5.43 0.657587 0.64365 -0.762325 0.916021 0.753379
5.44 0.665088 0.652828 -0.755843 0.919688 0.746765
5.45 0.672522 0.662044 -0.749268 0.923355 0.740077
5.46 0.679889 0.671296 -0.742602 0.927022 0.733315
5.47 0.687188 0.680584 -0.735842 0.930689 0.72648
5.48 0.694418 0.689909 -0.72899 0.934356 0.719572
5.49 0.701579 0.699271 -0.722044 0.938023 0.712592
5.5 0.70867 0.70867 -0.715004 0.94169 0.70554
5.51 0.71569 0.717999 -0.707871 0.924142 0.698418
5.52 0.722638 0.727153 -0.700645 0.906595 0.691227
5.53 0.729514 0.736131 -0.693328 0.889047 0.683966
5.54 0.736317 0.744934 -0.685923 0.871499 0.676637
5.55 0.743046 0.753561 -0.67843 0.853952 0.66924
5.56 0.749702 0.762013 -0.670852 0.836404 0.661776
5.57 0.756282 0.770289 -0.66319 0.818857 0.654246
5.58 0.762786 0.77839 -0.655447 0.801309 0.646651
5.59 0.769215 0.786315 -0.647623 0.783762 0.638991
5.6 0.775566 0.794065 -0.639721 0.766214 0.631267
5.61 0.78184 0.801639 -0.631743 0.748667 0.62348
5.62 0.788035 0.809038 -0.623689 0.731119 0.61563
5.63 0.794152 0.816262 -0.615562 0.713572 0.607719
5.64 0.800189 0.82331 -0.607364 0.696024 0.599747
5.65 0.806147 0.830182 -0.599097 0.678476 0.591716
5.66 0.812024 0.836879 -0.590761 0.660929 0.583625
5.67 0.817819 0.843401 -0.58236 0.643381 0.575475
5.68 0.823533 0.849747 -0.573894 0.625834 0.567269
5.69 0.829164 0.855917 -0.565365 0.608286 0.559005
5.7 0.834713 0.861913 -0.556776 0.590739 0.550686
5.71 0.840178 0.867732 -0.548128 0.573191 0.542311
5.72 0.845559 0.873376 -0.539422 0.555644 0.533882
5.73 0.850855 0.878845 -0.530661 0.538096 0.5254
5.74 0.856067 0.884138 -0.521846 0.520549 0.516865
5.75 0.861192 0.889256 -0.512979 0.503001 0.508279
5.76 0.866232 0.894198 -0.504061 0.485453 0.499642
5.77 0.871185 0.898965 -0.495095 0.467906 0.490955
5.78 0.876051 0.903556 -0.486082 0.450358 0.482218
5.79 0.880829 0.907972 -0.477025 0.432811 0.473434
5.8 0.88552 0.912213 -0.467924 0.415263 0.464602
5.81 0.890121 0.916278 -0.458781 0.397716 0.455724
5.82 0.894634 0.920167 -0.449599 0.380168 0.4468
5.83 0.899057 0.923881 -0.440378 0.362621 0.437832
5.84 0.90339 0.927419 -0.431122 0.345073 0.428819
5.85 0.907633 0.930782 -0.42183 0.327526 0.419764
5.86 0.911785 0.93397 -0.412507 0.309978 0.410667
5.87 0.915846 0.936982 -0.403152 0.29243 0.401529
5.88 0.919816 0.939819 -0.393767 0.274883 0.39235
5.89 0.923693 0.94248 -0.384356 0.257335 0.383133
5.9 0.927478 0.944965 -0.374918 0.239788 0.373877
5.91 0.931171 0.947275 -0.365457 0.22224 0.364583
5.92 0.93477 0.94941 -0.355974 0.204693 0.355254
5.93 0.938276 0.951369 -0.34647 0.187145 0.345888
5.94 0.941688 0.953153 -0.336947 0.169598 0.336488
5.95 0.945005 0.954761 -0.327407 0.15205 0.327055
5.96 0.948229 0.956194 -0.317852 0.134503 0.317589
5.97 0.951357 0.957451 -0.308284 0.116955 0.308091
5.98 0.95439 0.958533 -0.298704 0.0994075 0.298562
5.99 0.957328 0.959439 -0.289114 0.08186 0.289003
6 0.96017 0.96017 -0.279515 0.0643124 0.279415
6.01 0.962916 0.960807 -0.269911 0.0630533 0.2698
6.02 0.965566 0.961431 -0.260299 0.0617942 0.260157
6.03 0.968119 0.962043 -0.250682 0.0605351 0.250489
6.04 0.970576 0.962642 -0.241059 0.059276 0.240795
6.05 0.972935 0.963229 -0.231429 0.0580169 0.231078
6.06 0.975197 0.963802 -0.221794 0.0567578 0.221337
6.07 0.977362 0.964364 -0.212153 0.0554986 0.211574
6.08 0.979429 0.964912 -0.202507 0.0542395 0.20179
6.09 0.981398 0.965448 -0.192855 0.0529804 0.191986
6.1 0.983268 0.965972 -0.183198 0.0517213 0.182163
6.11 0.985041 0.966483 -0.173536 0.0504622 0.172321
6.12 0.986715 0.966981 -0.163868 0.0492031 0.162462
6.13 0.98829 0.967467 -0.154196 0.047944 0.152587
6.14 0.989766 0.96794 -0.144519 0.0466849 0.142697
6.15 0.991144 0.968401 -0.134837 0.0454258 0.132792
6.16 0.992422 0.968849 -0.125151 0.0441667 0.122874
6.17 0.993601 0.969284 -0.11546 0.0429076 0.112944
6.18 0.994681 0.969707 -0.105765 0.0416484 0.103002
6.19 0.995661 0.970117 -0.0960662 0.0403893 0.0930505
6.2 0.996542 0.970515 -0.0863631 0.0391302 0.0830894
6.21 0.997323 0.9709 -0.076656 0.0378711 0.07312
6.22 0.998004 0.971272 -0.0669451 0.036612 0.0631433
6.23 0.998586 0.971632 -0.0572306 0.0353529 0.0531602
6.24 0.999068 0.971979 -0.0475125 0.0340938 0.0431719
6.25 0.999449 0.972314 -0.037791 0.0328347 0.0331792
6.26 0.999731 0.972636 -0.0280663 0.0315756 0.0231832
6.27 0.999913 0.972945 -0.0183384 0.0303165 0.0131849
6.28 0.999995 0.973242 -0.00860742 0.0290573 0.0031853
6.29 0.999977 0.973526 0.00112643 0.0277982 -0.00681464
6.3 0.999859 0.973798 0.0108631 0.0265391 -0.0168139
6.31 0.999641 0.974057 0.0206023 0.02528 -0.0268115
6.32 0.999322 0.974304 0.0303442 0.0240209 -0.0368064
6.33 0.998904 0.974538 0.0400884 0.0227618 -0.0467976
6.34 0.998386 0.974759 0.0498349 0.0215027 -0.0567841
6.35 0.997769 0.974968 0.0595835 0.0202436 -0.066765
6.36 0.997051 0.975164 0.0693342 0.0189845 -0.0767392
6.37 0.996234 0.975347 0.0790867 0.0177254 -0.0867057
6.38 0.995317 0.975518 0.0888411 0.0164663 -0.0966635
6.39 0.994301 0.975677 0.0985971 0.0152071 -0.106612
6.4 0.993185 0.975822 0.108355 0.013948 -0.116549
6.41 0.99197 0.975956 0.118113 0.0126889 -0.126475
6.42 0.990655 0.976076 0.127874 0.0114298 -0.136388
6.43 0.989242 0.976184 0.137635 0.0101707 -0.146288
6.44 0.98773 0.97628 0.147397 0.0089116 -0.156173
6.45 0.986119 0.976362 0.157161 0.00765249 -0.166042
6.46 0.984409 0.976433 0.166924 0.00639338 -0.175895
6.47 0.982601 0.97649 0.176689 0.00513427 -0.18573
6.48 0.980694 0.976535 0.186454 0.00387516 -0.195547
6.49 0.97869 0.976568 0.19622 0.00261605 -0.205344
6.5 0.976588 0.976588 0.205986 0.00135694 -0.21512
6.51 0.974388 0.976512 0.215751 -0.0165122 -0.224875
6.52 0.97209 0.976257 0.225515 -0.0343813 -0.234607
6.53 0.969696 0.975824 0.235276 -0.0522504 -0.244316
6.54 0.967204 0.975212 0.245031 -0.0701195 -0.254001
6.55 0.964616 0.974422 0.254779 -0.0879886 -0.26366
6.56 0.961931 0.973453 0.264519 -0.105858 -0.273293
6.57 0.95915 0.972305 0.274248 -0.123727 -0.282898
6.58 0.956273 0.970978 0.283964 -0.141596 -0.292476
6.59 0.9533 0.969473 0.293667 -0.159465 -0.302024
6.6 0.950233 0.967789 0.303353 -0.177334 -0.311541
6.61 0.94707 0.965926 0.313022 -0.195203 -0.321028
6.62 0.943812 0.963885 0.322671 -0.213072 -0.330482
6.63 0.94046 0.961665 0.332299 -0.230941 -0.339904
6.64 0.937014 0.959266 0.341904 -0.248811 -0.349291
6.65 0.933474 0.956688 0.351484 -0.26668 -0.358644
6.66 0.929841 0.953932 0.361037 -0.284549 -0.367961
6.67 0.926115 0.950997 0.370562 -0.302418 -0.37724
6.68 0.922297 0.947884 0.380056 -0.320287 -0.386483
6.69 0.918386 0.944592 0.389519 -0.338156 -0.395686
6.7 0.914383 0.941121 0.398948 -0.356025 -0.40485
6.71 0.910289 0.937471 0.408341 -0.373894 -0.413973
6.72 0.906104 0.933643 0.417697 -0.391763 -0.423055
6.73 0.901828 0.929636 0.427013 -0.409633 -0.432095
6.74 0.897462 0.92545 0.436289 -0.427502 -0.441092
6.75 0.893006 0.921086 0.445521 -0.445371 -0.450044
6.76 0.888461 0.916543 0.45471 -0.46324 -0.458951
6.77 0.883827 0.911821 0.463852 -0.481109 -0.467813
6.78 0.879105 0.906921 0.472946 -0.498978 -0.476628
6.79 0.874295 0.901842 0.48199 -0.516847 -0.485395
6.8 0.869397 0.896584 0.490982 -0.534716 -0.494113
6.81 0.864413 0.891147 0.499921 -0.552585 -0.502782
6.82 0.859342 0.885532 0.508804 -0.570454 -0.511401
6.83 0.854185 0.879738 0.517631 -0.588324 -0.519969
6.84 0.848943 0.873766 0.526398 -0.606193 -0.528485
6.85 0.843616 0.867614 0.535105 -0.624062 -0.536948
6.86 0.838204 0.861284 0.54375 -0.641931 -0.545357
6.87 0.832709 0.854776 0.55233 -0.6598 -0.553711
6.88 0.82713 0.848088 0.560845 -0.677669 -0.562011
6.89 0.821469 0.841222 0.569292 -0.695538 -0.570254
6.9 0.815725 0.834178 0.577669 -0.713407 -0.57844
6.91 0.8099 0.826954 0.585975 -0.731276 -0.586568
6.92 0.803994 0.819552 0.594207 -0.749146 -0.594637
6.93 0.798007 0.811971 0.602365 -0.767015 -0.602648
6.94 0.791941 0.804212 0.610446 -0.784884 -0.610597
6.95 0.785796 0.796274 0.618449 -0.802753 -0.618486
6.96 0.779572 0.788157 0.626371 -0.820622 -0.626313
6.97 0.77327 0.779861 0.634211 -0.838491 -0.634077
6.98 0.76689 0.771387 0.641968 -0.85636 -0.641778
6.99 0.760434 0.762734 0.649638 -0.874229 -0.649415
7 0.753902 0.753902 0.657222 -0.892098 -0.656987
7.01 0.747295 0.744997 0.664716 -0.888996 -0.664493
7.02 0.740613 0.736122 0.672122 -0.885893 -0.671932
7.03 0.733856 0.727279 0.679439 -0.882791 -0.679305
7.04 0.727027 0.718467 0.686667 -0.879688 -0.686609
7.05 0.720124 0.709685 0.693808 -0.876586 -0.693845
7.06 0.71315 0.700935 0.700861 -0.873483 -0.701011
7.07 0.706104 0.692215 0.707827 -0.87038 -0.708108
7.08 0.698988 0.683527 0.714706 -0.867278 -0.715133
7.09 0.691802 0.67487 0.721498 -0.864175 -0.722087
7.1 0.684547 0.666244 0.728203 -0.861073 -0.728969
7.11 0.677223 0.657648 0.734823 -0.85797 -0.735778
7.12 0.669831 0.649084 0.741356 -0.854867 -0.742513
7.13 0.662373 0.640551 0.747804 -0.851765 -0.749174
7.14 0.654848 0.632049 0.754167 -0.848662 -0.755761
7.15 0.647258 0.623578 0.760445 -0.84556 -0.762271
7.16 0.639603 0.615138 0.766639 -0.842457 -0.768705
7.17 0.631884 0.606729 0.772748 -0.839355 -0.775063
7.18 0.624102 0.598351 0.778774 -0.836252 -0.781343
7.19 0.616257 0.590004 0.784715 -0.833149 -0.787545
7.2 0.608351 0.581688 0.790574 -0.830047 -0.793668
7.21 0.600384 0.573403 0.796349 -0.826944 -0.799712
7.22 0.592357 0.565149 0.802042 -0.823842 -0.805675
7.23 0.584271 0.556926 0.807652 -0.820739 -0.811559
7.24 0.576126 0.548734 0.813181 -0.817636 -0.817361
7.25 0.567924 0.540573 0.818627 -0.814534 -0.823081
7.26 0.559665 0.532443 0.823992 -0.811431 -0.828719
7.27 0.55135 0.524345 0.829276 -0.808329 -0.834274
7.28 0.54298 0.516277 0.834479 -0.805226 -0.839746
7.29 0.534555 0.50824 0.839602 -0.802124 -0.845133
7.3 0.526078 0.500234 0.844644 -0.799021 -0.850437
7.31 0.517547 0.49226 0.849607 -0.795918 -0.855655
7.32 0.508965 0.484316 0.854489 -0.792816 -0.860787
7.33 0.500332 0.476403 0.859293 -0.789713 -0.865834
7.34 0.491648 0.468522 0.864018 -0.786611 -0.870794
7.35 0.482916 0.460671 0.868664 -0.783508 -0.875667
7.36 0.474135 0.452852 0.873231 -0.780405 -0.880452
7.37 0.465307 0.445063 0.877721 -0.777303 -0.885149
7.38 0.456433 0.437305 0.882132 -0.7742 -0.889758
7.39 0.447512 0.429579 0.886467 -0.771098 -0.894278
7.4 0.438547 0.421884 0.890724 -0.767995 -0.898708
7.41 0.429538 0.414219 0.894905 -0.764893 -0.903049
7.42 0.420487 0.406586 0.899009 -0.76179 -0.907299
7.43 0.411393 0.398983 0.903036 -0.758687 -0.911458
7.44 0.402258 0.391412 0.906988 -0.755585 -0.915526
7.45 0.393083 0.383872 0.910865 -0.752482 -0.919503
7.46 0.383868 0.376362 0.914666 -0.74938 -0.923388
7.47 0.374615 0.368884 0.918392 -0.746277 -0.92718
7.48 0.365325 0.361437 0.922044 -0.743174 -0.93088
7.49 0.355998 0.354021 0.925621 -0.740072 -0.934487
7.5 0.346635 0.346635 0.929124 -0.736969 -0.938
7.51 0.337238 0.339216 0.932554 -0.746861 -0.941419
7.52 0.327807 0.331698 0.935908 -0.756753 -0.944745
7.53 0.318344 0.324081 0.939187 -0.766645 -0.947975
7.54 0.308848 0.316365 0.94239 -0.776538 -0.951111
7.55 0.299322 0.30855 0.945514 -0.78643 -0.954152
7.56 0.289765 0.300637 0.94856 -0.796322 -0.957098
7.57 0.28018 0.292624 0.951527 -0.806214 -0.959947
7.58 0.270567 0.284512 0.954412 -0.816106 -0.962701
7.59 0.260926 0.276302 0.957216 -0.825998 -0.965359
7.6 0.25126 0.267992 0.959938 -0.83589 -0.96792
7.61 0.241568 0.259584 0.962576 -0.845782 -0.970384
7.62 0.231852 0.251077 0.965129 -0.855674 -0.972751
7.63 0.222114 0.242471 0.967597 -0.865566 -0.975021
7.64 0.212352 0.233765 0.969978 -0.875458 -0.977193
7.65 0.20257 0.224961 0.972272 -0.88535 -0.979268
7.66 0.192767 0.216058 0.974477 -0.895242 -0.981244
7.67 0.182945 0.207057 0.976593 -0.905134 -0.983123
7.68 0.173105 0.197956 0.978618 -0.915026 -0.984903
7.69 0.163248 0.188756 0.980552 -0.924918 -0.986585
7.7 0.153374 0.179457 0.982393 -0.93481 -0.988168
7.71 0.143485 0.17006 0.984141 -0.944702 -0.989653
7.72 0.133581 0.160563 0.985794 -0.954595 -0.991038
7.73 0.123664 0.150968 0.987352 -0.964487 -0.992324
7.74 0.113735 0.141274 0.988813 -0.974379 -0.993511
7.75 0.103794 0.13148 0.990177 -0.984271 -0.994599
7.76 0.0938433 0.121588 0.991442 -0.994163 -0.995587
7.77 0.0838829 0.111597 0.992608 -1.00405 -0.996476
7.78 0.0739142 0.101507 0.993674 -1.01395 -0.997265
7.79 0.063938 0.0913181 0.994638 -1.02384 -0.997954
7.8 0.0539554 0.0810303 0.9955 -1.03373 -0.998543
7.81 0.0439675 0.0706435 0.996258 -1.04362 -0.999033
7.82 0.0339751 0.0601578 0.996912 -1.05352 -0.999423
7.83 0.0239793 0.0495732 0.997461 -1.06341 -0.999712
7.84 0.0139812 0.0388897 0.997903 -1.0733 -0.999902
7.85 0.00398162 0.0281072 0.998239 -1.08319 -0.999992
7.86 -0.00601833 0.0172258 0.998465 -1.09308 -0.999982
7.87 -0.0160177 0.00624555 0.998583 -1.10298 -0.999872
7.88 -0.0260154 -0.00483366 0.99859 -1.11287 -0.999662
7.89 -0.0360106 -0.0160118 0.998486 -1.12276 -0.999351
7.9 -0.0460021 -0.0272889 0.998269 -1.13265 -0.998941
7.91 -0.0559891 -0.0386648 0.99794 -1.14254 -0.998431
7.92 -0.0659704 -0.0501397 0.997496 -1.15244 -0.997822
7.93 -0.0759452 -0.0617135 0.996936 -1.16233 -0.997112
7.94 -0.0859123 -0.0733863 0.996261 -1.17222 -0.996303
7.95 -0.0958709 -0.0851579 0.995468 -1.18211 -0.995394
7.96 -0.10582 -0.0970285 0.994558 -1.192 -0.994385
7.97 -0.115758 -0.108998 0.993528 -1.2019 -0.993277
7.98 -0.125685 -0.121066 0.992377 -1.21179 -0.99207
7.99 -0.135599 -0.133234 0.991106 -1.22168 -0.990764
8 -0.1455 -0.1455 0.989712 -1.23157 -0.989358
8.01 -0.155386 -0.157752 0.988196 -1.21883 -0.987854
8.02 -0.165257 -0.169877 0.986558 -1.20609 -0.986251
8.03 -0.175111 -0.181874 0.984799 -1.19335 -0.984549
8.04 -0.184947 -0.193744 0.982921 -1.1806 -0.982748
8.05 -0.194765 -0.205486 0.980924 -1.16786 -0.98085
8.06 -0.204564 -0.217101 0.978811 -1.15512 -0.978853
8.07 -0.214342 -0.228588 0.976583 -1.14238 -0.976759
8.08 -0.224099 -0.239948 0.97424 -1.12964 -0.974566
8.09 -0.233833 -0.251181 0.971784 -1.11689 -0.972277
8.1 -0.243544 -0.262286 0.969217 -1.10415 -0.96989
8.11 -0.253231 -0.273264 0.966539 -1.09141 -0.967406
8.12 -0.262892 -0.284114 0.963752 -1.07867 -0.964825
8.13 -0.272527 -0.294837 0.960857 -1.06593 -0.962148
8.14 -0.282135 -0.305433 0.957856 -1.05319 -0.959375
8.15 -0.291714 -0.315901 0.954749 -1.04044 -0.956506
8.16 -0.301264 -0.326242 0.951538 -1.0277 -0.953541
8.17 -0.310785 -0.336455 0.948224 -1.01496 -0.95048
8.18 -0.320274 -0.346541 0.944809 -1.00222 -0.947325
8.19 -0.329731 -0.3565 0.941294 -0.989475 -0.944075
8.2 -0.339155 -0.366331 0.93768 -0.976733 -0.940731
8.21 -0.348545 -0.376034 0.933968 -0.963991 -0.937292
8.22 -0.3579 -0.38561 0.930159 -0.95125 -0.93376
8.23 -0.36722 -0.395059 0.926256 -0.938508 -0.930134
8.24 -0.376503 -0.404381 0.922259 -0.925766 -0.926415
8.25 -0.385748 -0.413575 0.918169 -0.913024 -0.922604
8.26 -0.394955 -0.422641 0.913988 -0.900282 -0.918701
8.27 -0.404122 -0.43158 0.909716 -0.88754 -0.914705
8.28 -0.413248 -0.440392 0.905356 -0.874798 -0.910618
8.29 -0.422334 -0.449076 0.900909 -0.862056 -0.90644
8.3 -0.431377 -0.457633 0.896375 -0.849314 -0.902172
8.31 -0.440377 -0.466062 0.891757 -0.836572 -0.897813
8.32 -0.449333 -0.474364 0.887055 -0.82383 -0.893364
8.33 -0.458244 -0.482539 0.88227 -0.811088 -0.888827
8.34 -0.467109 -0.490586 0.877404 -0.798346 -0.8842
8.35 -0.475928 -0.498506 0.872459 -0.785604 -0.879484
8.36 -0.484698 -0.506298 0.867435 -0.772862 -0.874681
8.37 -0.493421 -0.513963 0.862333 -0.760121 -0.869791
8.38 -0.502094 -0.521501 0.857156 -0.747379 -0.864813
8.39 -0.510717 -0.528911 0.851904 -0.734637 -0.859749
8.4 -0.519289 -0.536193 0.846578 -0.721895 -0.854599
8.41 -0.527809 -0.543349 0.84118 -0.709153 -0.849363
8.42 -0.536276 -0.550376 0.835711 -0.696411 -0.844043
8.43 -0.544689 -0.557277 0.830173 -0.683669 -0.838638
8.44 -0.553048 -0.56405 0.824566 -0.670927 -0.833149
8.45 -0.561352 -0.570695 0.818892 -0.658185 -0.827577
8.46 -0.569599 -0.577214 0.813153 -0.645443 -0.821922
8.47 -0.57779 -0.583604 0.807349 -0.632701 -0.816185
8.48 -0.585923 -0.589868 0.801481 -0.619959 -0.810367
8.49 -0.593997 -0.596003 0.795552 -0.607217 -0.804467
8.5 -0.602012 -0.602012 0.789561 -0.594475 -0.798487
8.51 -0.609967 -0.607961 0.783512 -0.595426 -0.792427
8.52 -0.61786 -0.61392 0.777402 -0.596376 -0.786288
8.53 -0.625692 -0.619889 0.771233 -0.597327 -0.78007
8.54 -0.633461 -0.625867 0.765004 -0.598277 -0.773774
8.55 -0.641167 -0.631854 0.758716 -0.599228 -0.767401
8.56 -0.648809 -0.637852 0.752367 -0.600178 -0.760951
8.57 -0.656386 -0.643858 0.745959 -0.601129 -0.754425
8.58 -0.663897 -0.649874 0.73949 -0.602079 -0.747824
8.59 -0.671342 -0.6559 0.732961 -0.603029 -0.741147
8.6 -0.67872 -0.661935 0.726372 -0.60398 -0.734397
8.61 -0.68603 -0.667979 0.719722 -0.60493 -0.727573
8.62 -0.693271 -0.674033 0.713012 -0.605881 -0.720677
8.63 -0.700443 -0.680097 0.706242 -0.606831 -0.713708
8.64 -0.707545 -0.68617 0.69941 -0.607782 -0.706668
8.65 -0.714576 -0.692252 0.692518 -0.608732 -0.699557
8.66 -0.721536 -0.698345 0.685565 -0.609683 -0.692377
8.67 -0.728424 -0.704446 0.678551 -0.610633 -0.685127
8.68 -0.735238 -0.710557 0.671476 -0.611584 -0.677809
8.69 -0.74198 -0.716678 0.66434 -0.612534 -0.670422
8.7 -0.748647 -0.722808 0.657143 -0.613484 -0.662969
8.71 -0.755239 -0.728947 0.649884 -0.614435 -0.65545
8.72 -0.761755 -0.735097 0.642564 -0.615385 -0.647865
8.73 -0.768196 -0.741255 0.635182 -0.616336 -0.640215
8.74 -0.77456 -0.747423 0.627739 -0.617286 -0.632501
8.75 -0.780846 -0.753601 0.620234 -0.618237 -0.624724
8.76 -0.787054 -0.759788 0.612667 -0.619187 -0.616884
8.77 -0.793183 -0.765985 0.605038 -0.620138 -0.608983
8.78 -0.799233 -0.772191 0.597347 -0.621088 -0.601021
8.79 -0.805203 -0.778406 0.589594 -0.622039 -0.592999
8.8 -0.811093 -0.784632 0.581779 -0.622989 -0.584917
8.81 -0.816902 -0.790866 0.573901 -0.623939 -0.576777
8.82 -0.822628 -0.79711 0.565961 -0.62489 -0.568579
8.83 -0.828273 -0.803364 0.557959 -0.62584 -0.560325
8.84 -0.833835 -0.809627 0.549894 -0.626791 -0.552014
8.85 -0.839313 -0.8159 0.541766 -0.627741 -0.543648
8.86 -0.844707 -0.822182 0.533576 -0.628692 -0.535228
8.87 -0.850017 -0.828474 0.525323 -0.629642 -0.526755
8.88 -0.855242 -0.834775 0.517007 -0.630593 -0.518228
8.89 -0.860382 -0.841086 0.508627 -0.631543 -0.50965
8.9 -0.865435 -0.847406 0.500185 -0.632494 -0.501021
8.91 -0.870402 -0.853735 0.491679 -0.633444 -0.492342
8.92 -0.875282 -0.860075 0.48311 -0.634394 -0.483613
8.93 -0.880074 -0.866423 0.474478 -0.635345 -0.474836
8.94 -0.884778 -0.872781 0.465782 -0.636295 -0.466012
8.95 -0.889394 -0.879149 0.457022 -0.637246 -0.457141
8.96 -0.893921 -0.885526 0.448199 -0.638196 -0.448224
8.97 -0.898359 -0.891913 0.439311 -0.639147 -0.439263
8.98 -0.902706 -0.898309 0.43036 -0.640097 -0.430257
8.99 -0.906964 -0.904715 0.421345 -0.641048 -0.421209
9 -0.91113 -0.91113 0.412266 -0.641998 -0.412118
