100 0.0116595
100.1 0.0117516
100.2 0.0118448
100.3 0.0119391
100.4 0.0120346
100.5 0.0121312
100.6 0.012229
100.7 0.0123279
100.8 0.0124281
100.9 0.0125295
101 0.0126321
101.1 0.012736
101.2 0.0128411
101.3 0.0129476
101.4 0.0130554
101.5 0.0131646
101.6 0.0132751
101.7 0.0133871
101.8 0.0135004
101.9 0.0136152
102 0.0137315
102.1 0.0138493
102.2 0.0139686
102.3 0.0140894
102.4 0.0142118
102.5 0.0143358
102.6 0.0144614
102.7 0.0145887
102.8 0.0147177
102.9 0.0148484
103 0.0149808
103.1 0.0151151
103.2 0.0152511
103.3 0.015389
103.4 0.0155287
103.5 0.0156704
103.6 0.015814
103.7 0.0159596
103.8 0.0161072
103.9 0.0162568
104 0.0164086
104.1 0.0165625
104.2 0.0167185
104.3 0.0168768
104.4 0.0170374
104.5 0.0172002
104.6 0.0173654
104.7 0.0175329
104.8 0.0177029
104.9 0.0178754
105 0.0180504
105.1 0.018228
105.2 0.0184082
105.3 0.0185911
105.4 0.0187767
105.5 0.0189652
105.6 0.0191565
105.7 0.0193506
105.8 0.0195478
105.9 0.019748
106 0.0199512
106.1 0.0201576
106.2 0.0203672
106.3 0.0205802
106.4 0.0207964
106.5 0.0210161
106.6 0.0212393
106.7 0.021466
106.8 0.0216964
106.9 0.0219305
107 0.0221685
107.1 0.0224103
107.2 0.0226561
107.3 0.0229059
107.4 0.0231599
107.5 0.0234181
107.6 0.0236807
107.7 0.0239477
107.8 0.0242193
107.9 0.0244955
108 0.0247764
108.1 0.0250622
108.2 0.0253529
108.3 0.0256487
108.4 0.0259498
108.5 0.0262561
108.6 0.0265679
108.7 0.0268853
108.8 0.0272084
108.9 0.0275374
109 0.0278723
109.1 0.0282134
109.2 0.0285607
109.3 0.0289145
109.4 0.0292749
109.5 0.0296421
109.6 0.0300162
109.7 0.0303975
109.8 0.030786
109.9 0.031182
110 0.0315857
110.1 0.0319973
110.2 0.0324169
110.3 0.0328449
110.4 0.0332813
110.5 0.0337265
110.6 0.0341807
110.7 0.0346441
110.8 0.0351169
110.9 0.0355995
111 0.0360921
111.1 0.036595
111.2 0.0371084
111.3 0.0376326
111.4 0.0381681
111.5 0.038715
111.6 0.0392737
111.7 0.0398446
111.8 0.040428
111.9 0.0410243
112 0.0416338
112.1 0.042257
112.2 0.0428943
112.3 0.043546
112.4 0.0442127
112.5 0.0448947
112.6 0.0455926
112.7 0.0463069
112.8 0.047038
112.9 0.0477866
113 0.0485531
113.1 0.0493382
113.2 0.0501423
113.3 0.0509663
113.4 0.0518107
113.5 0.0526761
113.6 0.0535634
113.7 0.0544732
113.8 0.0554063
113.9 0.0563635
114 0.0573456
114.1 0.0583536
114.2 0.0593883
114.3 0.0604506
114.4 0.0615416
114.5 0.0626623
114.6 0.0638138
114.7 0.0649972
114.8 0.0662136
114.9 0.0674645
115 0.0687509
115.1 0.0700744
115.2 0.0714362
115.3 0.072838
115.4 0.0742813
115.5 0.0757678
115.6 0.0772991
115.7 0.078877
115.8 0.0805036
115.9 0.0821807
116 0.0839106
116.1 0.0856954
116.2 0.0875374
116.3 0.0894392
116.4 0.0914033
116.5 0.0934324
116.6 0.0955295
116.7 0.0976976
116.8 0.0999399
116.9 0.10226
117 0.104661
117.1 0.107147
117.2 0.109722
117.3 0.112391
117.4 0.115157
117.5 0.118027
117.6 0.121004
117.7 0.124094
117.8 0.127303
117.9 0.130638
118 0.134104
118.1 0.137708
118.2 0.141459
118.3 0.145364
118.4 0.149431
118.5 0.15367
118.6 0.15809
118.7 0.162702
118.8 0.167517
118.9 0.172546
119 0.177803
119.1 0.183301
119.2 0.189055
119.3 0.195081
119.4 0.201396
119.5 0.208019
119.6 0.21497
119.7 0.222271
119.8 0.229945
119.9 0.238017
120 0.246515
120.1 0.25547
120.2 0.264914
120.3 0.274882
120.4 0.285414
120.5 0.296551
120.6 0.308341
120.7 0.320835
120.8 0.334087
120.9 0.34816
121 0.36312
121.1 0.379043
121.2 0.39601
121.3 0.414113
121.4 0.433451
121.5 0.454137
121.6 0.476294
121.7 0.50006
121.8 0.525589
121.9 0.553053
122 0.582645
122.1 0.61458
122.2 0.6491
122.3 0.686477
122.4 0.727018
122.5 0.771069
122.6 0.819021
122.7 0.871316
122.8 0.928455
122.9 0.991003
123 1.0596
123.1 1.13498
123.2 1.21797
123.3 1.30948
123.4 1.41057
123.5 1.5224
123.6 1.64628
123.7 1.78363
123.8 1.93601
123.9 2.10504
124 2.2924
124.1 2.49969
124.2 2.72833
124.3 2.9793
124.4 3.25282
124.5 3.54797
124.6 3.86208
124.7 4.19016
124.8 4.52424
124.9 4.85298
125 5.16164
125.1 5.43286
125.2 5.64832
125.3 5.7913
125.4 5.8496
125.5 5.81796
125.6 5.69925
125.7 5.50382
125.8 5.24734
125.9 4.94795
126 4.62352
126.1 4.28968
126.2 3.95883
126.3 3.63991
126.4 3.33873
126.5 3.05858
126.6 2.80087
126.7 2.56564
126.8 2.35211
126.9 2.15896
127 1.98464
127.1 1.82746
127.2 1.68579
127.3 1.55805
127.4 1.44276
127.5 1.33859
127.6 1.24434
127.7 1.15891
127.8 1.08136
127.9 1.01081
128 0.946528
128.1 0.887838
128.2 0.834153
128.3 0.784953
128.4 0.739781
128.5 0.69823
128.6 0.659943
128.7 0.6246
128.8 0.59192
128.9 0.561653
129 0.533575
129.1 0.507487
129.2 0.483212
129.3 0.46059
129.4 0.439478
129.5 0.41975
129.6 0.40129
129.7 0.383994
129.8 0.367768
129.9 0.352529
130 0.338198
130.1 0.324708
130.2 0.311994
130.3 0.3
130.4 0.288672
130.5 0.277964
130.6 0.267832
130.7 0.258236
130.8 0.249139
130.9 0.240507
131 0.232311
131.1 0.224521
131.2 0.217112
131.3 0.210058
131.4 0.20334
131.5 0.196934
131.6 0.190824
131.7 0.18499
131.8 0.179418
131.9 0.17409
132 0.168995
132.1 0.164117
132.2 0.159446
132.3 0.15497
132.4 0.150678
132.5 0.146561
132.6 0.142608
132.7 0.138812
132.8 0.135165
132.9 0.131658
133 0.128285
133.1 0.125039
133.2 0.121914
133.3 0.118904
133.4 0.116003
133.5 0.113206
133.6 0.110509
133.7 0.107906
133.8 0.105394
133.9 0.102968
134 0.100624
134.1 0.0983589
134.2 0.096169
134.3 0.094051
134.4 0.0920019
134.5 0.0900187
134.6 0.0880986
134.7 0.086239
134.8 0.0844374
134.9 0.0826914
135 0.0809988
135.1 0.0793573
135.2 0.077765
135.3 0.07622
135.4 0.0747204
135.5 0.0732644
135.6 0.0718504
135.7 0.0704767
135.8 0.069142
135.9 0.0678446
136 0.0665833
136.1 0.0653567
136.2 0.0641636
136.3 0.0630027
136.4 0.0618729
136.5 0.0607732
136.6 0.0597024
136.7 0.0586596
136.8 0.0576437
136.9 0.056654
137 0.0556894
137.1 0.0547492
137.2 0.0538325
137.3 0.0529386
137.4 0.0520667
137.5 0.0512161
137.6 0.0503862
137.7 0.0495761
137.8 0.0487854
137.9 0.0480135
138 0.0472596
138.1 0.0465233
138.2 0.0458041
138.3 0.0451013
138.4 0.0444146
138.5 0.0437434
138.6 0.0430872
138.7 0.0424457
138.8 0.0418184
138.9 0.0412048
139 0.0406046
139.1 0.0400174
139.2 0.0394428
139.3 0.0388805
139.4 0.0383301
139.5 0.0377913
139.6 0.0372637
139.7 0.0367471
139.8 0.0362411
139.9 0.0357455
140 0.0352599
140.1 0.0347842
140.2 0.034318
140.3 0.0338611
140.4 0.0334133
140.5 0.0329742
140.6 0.0325438
140.7 0.0321217
140.8 0.0317077
140.9 0.0313017
141 0.0309034
141.1 0.0305127
141.2 0.0301293
141.3 0.029753
141.4 0.0293838
141.5 0.0290214
141.6 0.0286656
141.7 0.0283164
141.8 0.0279734
141.9 0.0276367
142 0.027306
142.1 0.0269811
142.2 0.0266621
142.3 0.0263486
142.4 0.0260406
142.5 0.025738
142.6 0.0254407
142.7 0.0251484
142.8 0.0248612
142.9 0.0245788
143 0.0243012
143.1 0.0240283
143.2 0.0237599
143.3 0.0234961
143.4 0.0232365
143.5 0.0229813
143.6 0.0227302
143.7 0.0224832
143.8 0.0222402
143.9 0.0220012
144 0.0217659
144.1 0.0215344
144.2 0.0213066
144.3 0.0210823
144.4 0.0208616
144.5 0.0206443
144.6 0.0204304
144.7 0.0202198
144.8 0.0200125
144.9 0.0198083
145 0.0196072
145.1 0.0194092
145.2 0.0192141
145.3 0.019022
145.4 0.0188327
145.5 0.0186462
145.6 0.0184625
145.7 0.0182815
145.8 0.0181031
145.9 0.0179274
146 0.0177541
146.1 0.0175834
146.2 0.0174151
146.3 0.0172492
146.4 0.0170857
146.5 0.0169245
146.6 0.0167655
146.7 0.0166088
146.8 0.0164543
146.9 0.0163019
147 0.0161516
147.1 0.0160034
147.2 0.0158572
147.3 0.015713
147.4 0.0155708
147.5 0.0154305
147.6 0.015292
147.7 0.0151555
147.8 0.0150207
147.9 0.0148877
148 0.0147565
148.1 0.014627
148.2 0.0144993
148.3 0.0143731
148.4 0.0142486
148.5 0.0141258
148.6 0.0140045
148.7 0.0138847
148.8 0.0137665
148.9 0.0136498
149 0.0135345
149.1 0.0134208
149.2 0.0133084
149.3 0.0131975
149.4 0.0130879
149.5 0.0129797
149.6 0.0128728
149.7 0.0127672
149.8 0.012663
149.9 0.0125599
150 0.0124582
150.1 0.0123577
150.2 0.0122584
150.3 0.0121603
150.4 0.0120633
150.5 0.0119675
150.6 0.0118729
150.7 0.0117793
150.8 0.0116869
150.9 0.0115955
151 0.0115052
151.1 0.011416
151.2 0.0113278
151.3 0.0112406
151.4 0.0111544
151.5 0.0110692
151.6 0.010985
151.7 0.0109017
151.8 0.0108194
151.9 0.010738
152 0.0106575
152.1 0.0105779
152.2 0.0104993
152.3 0.0104214
152.4 0.0103445
152.5 0.0102684
152.6 0.0101931
152.7 0.0101186
152.8 0.010045
152.9 0.00997216
153 0.00990012
153.1 0.00982884
153.2 0.00975834
153.3 0.00968859
153.4 0.00961959
153.5 0.00955132
153.6 0.00948377
153.7 0.00941694
153.8 0.00935081
153.9 0.00928538
154 0.00922063
154.1 0.00915655
154.2 0.00909314
154.3 0.00903038
154.4 0.00896828
154.5 0.00890681
154.6 0.00884597
154.7 0.00878575
154.8 0.00872614
154.9 0.00866714
155 0.00860873
155.1 0.00855092
155.2 0.00849368
155.3 0.00843701
155.4 0.00838091
155.5 0.00832537
155.6 0.00827038
155.7 0.00821593
155.8 0.00816201
155.9 0.00810863
156 0.00805576
156.1 0.00800341
156.2 0.00795157
156.3 0.00790023
156.4 0.00784939
156.5 0.00779904
156.6 0.00774917
156.7 0.00769977
156.8 0.00765085
156.9 0.00760239
157 0.00755439
157.1 0.00750684
157.2 0.00745974
157.3 0.00741308
157.4 0.00736686
157.5 0.00732106
157.6 0.0072757
157.7 0.00723075
157.8 0.00718622
157.9 0.0071421
158 0.00709838
158.1 0.00705507
158.2 0.00701215
158.3 0.00696961
158.4 0.00692747
158.5 0.00688571
158.6 0.00684432
158.7 0.0068033
158.8 0.00676265
158.9 0.00672237
159 0.00668244
159.1 0.00664287
159.2 0.00660365
159.3 0.00656477
159.4 0.00652624
159.5 0.00648804
159.6 0.00645018
159.7 0.00641265
159.8 0.00637545
159.9 0.00633857
160 0.006302
