-1 -3.26915
-0.995 -3.26729
-0.99 -3.26543
-0.985 -3.26358
-0.98 -3.26174
-0.975 -3.25991
-0.97 -3.2581
-0.965 -3.25629
-0.96 -3.2545
-0.955 -3.25272
-0.95 -3.25096
-0.945 -3.24922
-0.94 -3.24749
-0.935 -3.24579
-0.93 -3.2441
-0.925 -3.24244
-0.92 -3.2408
-0.915 -3.23918
-0.91 -3.23759
-0.905 -3.23603
-0.9 -3.23449
-0.895 -3.23298
-0.89 -3.23151
-0.885 -3.23006
-0.88 -3.22865
-0.875 -3.22727
-0.87 -3.22593
-0.865 -3.22463
-0.86 -3.22336
-0.855 -3.22213
-0.85 -3.22095
-0.845 -3.21981
-0.84 -3.21871
-0.835 -3.21765
-0.83 -3.21664
-0.825 -3.21568
-0.82 -3.21477
-0.815 -3.21391
-0.81 -3.2131
-0.805 -3.21234
-0.8 -3.21164
-0.795 -3.21099
-0.79 -3.2104
-0.785 -3.20987
-0.78 -3.20939
-0.775 -3.20898
-0.77 -3.20863
-0.765 -3.20834
-0.76 -3.20811
-0.755 -3.20795
-0.75 -3.20785
-0.745 -3.20782
-0.74 -3.20786
-0.735 -3.20796
-0.73 -3.20814
-0.725 -3.20839
-0.72 -3.20871
-0.715 -3.2091
-0.71 -3.20956
-0.705 -3.2101
-0.7 -3.21072
-0.695 -3.21141
-0.69 -3.21217
-0.685 -3.21301
-0.68 -3.21393
-0.675 -3.21493
-0.67 -3.216
-0.665 -3.21716
-0.66 -3.21839
-0.655 -3.2197
-0.65 -3.22109
-0.645 -3.22256
-0.64 -3.22412
-0.635 -3.22575
-0.63 -3.22746
-0.625 -3.22925
-0.62 -3.23112
-0.615 -3.23307
-0.61 -3.2351
-0.605 -3.2372
-0.6 -3.23939
-0.595 -3.24165
-0.59 -3.244
-0.585 -3.24642
-0.58 -3.24891
-0.575 -3.25148
-0.57 -3.25413
-0.565 -3.25685
-0.56 -3.25964
-0.555 -3.26251
-0.55 -3.26544
-0.545 -3.26845
-0.54 -3.27152
-0.535 -3.27467
-0.53 -3.27787
-0.525 -3.28115
-0.52 -3.28448
-0.515 -3.28788
-0.51 -3.29134
-0.505 -3.29485
-0.5 -3.29842
-0.495 -3.30205
-0.49 -3.30573
-0.485 -3.30946
-0.48 -3.31323
-0.475 -3.31706
-0.47 -3.32093
-0.465 -3.32484
-0.46 -3.32879
-0.455 -3.33277
-0.45 -3.3368
-0.445 -3.34085
-0.44 -3.34494
-0.435 -3.34905
-0.43 -3.35319
-0.425 -3.35735
-0.42 -3.36152
-0.415 -3.36572
-0.41 -3.36993
-0.405 -3.37415
-0.4 -3.37838
-0.395 -3.38261
-0.39 -3.38685
-0.385 -3.39108
-0.38 -3.39531
-0.375 -3.39954
-0.37 -3.40375
-0.365 -3.40795
-0.36 -3.41214
-0.355 -3.4163
-0.35 -3.42045
-0.345 -3.42457
-0.34 -3.42866
-0.335 -3.43272
-0.33 -3.43674
-0.325 -3.44073
-0.32 -3.44467
-0.315 -3.44857
-0.31 -3.45243
-0.305 -3.45623
-0.3 -3.45998
-0.295 -3.46367
-0.29 -3.46731
-0.285 -3.47088
-0.28 -3.47439
-0.275 -3.47782
-0.27 -3.48119
-0.265 -3.48449
-0.26 -3.4877
-0.255 -3.49084
-0.25 -3.49389
-0.245 -3.49686
-0.24 -3.49975
-0.235 -3.50254
-0.23 -3.50524
-0.225 -3.50784
-0.22 -3.51035
-0.215 -3.51276
-0.21 -3.51507
-0.205 -3.51727
-0.2 -3.51937
-0.195 -3.52136
-0.19 -3.52324
-0.185 -3.52501
-0.18 -3.52666
-0.175 -3.52821
-0.17 -3.52963
-0.165 -3.53094
-0.16 -3.53213
-0.155 -3.5332
-0.15 -3.53414
-0.145 -3.53497
-0.14 -3.53567
-0.135 -3.53625
-0.13 -3.5367
-0.125 -3.53702
-0.12 -3.53722
-0.115 -3.5373
-0.11 -3.53725
-0.105 -3.53707
-0.1 -3.53676
-0.095 -3.53632
-0.09 -3.53576
-0.085 -3.53507
-0.08 -3.53426
-0.075 -3.53332
-0.07 -3.53225
-0.065 -3.53106
-0.06 -3.52974
-0.055 -3.5283
-0.05 -3.52674
-0.045 -3.52505
-0.04 -3.52325
-0.035 -3.52132
-0.03 -3.51928
-0.025 -3.51712
-0.02 -3.51485
-0.015 -3.51246
-0.01 -3.50996
-0.005 -3.50735
8.20524e-16 -3.50464
0.005 -3.50181
0.01 -3.49889
0.015 -3.49586
0.02 -3.49273
0.025 -3.48951
0.03 -3.48619
0.035 -3.48277
0.04 -3.47927
0.045 -3.47568
0.05 -3.47201
0.055 -3.46825
0.06 -3.46442
0.065 -3.46051
0.07 -3.45652
0.075 -3.45246
0.08 -3.44834
0.085 -3.44415
0.09 -3.4399
0.095 -3.4356
0.1 -3.43123
0.105 -3.42682
0.11 -3.42235
0.115 -3.41784
0.12 -3.41329
0.125 -3.4087
0.13 -3.40407
0.135 -3.39941
0.14 -3.39473
0.145 -3.39001
0.15 -3.38527
0.155 -3.38052
0.16 -3.37574
0.165 -3.37096
0.17 -3.36617
0.175 -3.36136
0.18 -3.35656
0.185 -3.35176
0.19 -3.34696
0.195 -3.34217
0.2 -3.33739
0.205 -3.33262
0.21 -3.32787
0.215 -3.32314
0.22 -3.31843
0.225 -3.31374
0.23 -3.30909
0.235 -3.30447
0.24 -3.29988
0.245 -3.29533
0.25 -3.29082
0.255 -3.28635
0.26 -3.28193
0.265 -3.27755
0.27 -3.27323
0.275 -3.26896
0.28 -3.26475
0.285 -3.2606
0.29 -3.2565
0.295 -3.25247
0.3 -3.24851
0.305 -3.24461
0.31 -3.24078
0.315 -3.23703
0.32 -3.23334
0.325 -3.22973
0.33 -3.2262
0.335 -3.22275
0.34 -3.21938
0.345 -3.21609
0.35 -3.21289
0.355 -3.20977
0.36 -3.20673
0.365 -3.20379
0.37 -3.20093
0.375 -3.19816
0.38 -3.19549
0.385 -3.1929
0.39 -3.19041
0.395 -3.18801
0.4 -3.18571
0.405 -3.1835
0.41 -3.18139
0.415 -3.17938
0.42 -3.17746
0.425 -3.17564
0.43 -3.17391
0.435 -3.17229
0.44 -3.17076
0.445 -3.16933
0.45 -3.168
0.455 -3.16676
0.46 -3.16563
0.465 -3.16459
0.47 -3.16365
0.475 -3.1628
0.48 -3.16206
0.485 -3.16141
0.49 -3.16085
0.495 -3.16039
0.5 -3.16003
0.505 -3.15976
0.51 -3.15958
0.515 -3.15949
0.52 -3.1595
0.525 -3.15959
0.53 -3.15978
0.535 -3.16006
0.54 -3.16042
0.545 -3.16087
0.55 -3.1614
0.555 -3.16202
0.56 -3.16272
0.565 -3.16351
0.57 -3.16437
0.575 -3.16531
0.58 -3.16634
0.585 -3.16743
0.59 -3.1686
0.595 -3.16985
0.6 -3.17117
0.605 -3.17255
0.61 -3.17401
0.615 -3.17553
0.62 -3.17712
0.625 -3.17877
0.63 -3.18048
0.635 -3.18225
0.64 -3.18408
0.645 -3.18597
0.65 -3.18791
0.655 -3.18991
0.66 -3.19195
0.665 -3.19405
0.67 -3.19619
0.675 -3.19838
0.68 -3.20061
0.685 -3.20289
0.69 -3.2052
0.695 -3.20755
0.7 -3.20994
0.705 -3.21236
0.71 -3.21481
0.715 -3.2173
0.72 -3.21981
0.725 -3.22234
0.73 -3.2249
0.735 -3.22749
0.74 -3.23009
0.745 -3.23271
0.75 -3.23535
0.755 -3.238
0.76 -3.24066
0.765 -3.24334
0.77 -3.24602
0.775 -3.24871
0.78 -3.2514
0.785 -3.2541
0.79 -3.25679
0.795 -3.25949
0.8 -3.26218
0.805 -3.26486
0.81 -3.26754
0.815 -3.27021
0.82 -3.27286
0.825 -3.27551
0.83 -3.27814
0.835 -3.28075
0.84 -3.28334
0.845 -3.28592
0.85 -3.28847
0.855 -3.29099
0.86 -3.29349
0.865 -3.29596
0.87 -3.29841
0.875 -3.30082
0.88 -3.30319
0.885 -3.30554
0.89 -3.30784
0.895 -3.31011
0.9 -3.31234
0.905 -3.31452
0.91 -3.31667
0.915 -3.31876
0.92 -3.32082
0.925 -3.32282
0.93 -3.32477
0.935 -3.32667
0.94 -3.32852
0.945 -3.33031
0.95 -3.33205
0.955 -3.33373
0.96 -3.33535
0.965 -3.33691
0.97 -3.33841
0.975 -3.33985
0.98 -3.34122
0.985 -3.34252
0.99 -3.34376
0.995 -3.34493
