-1 0.353227
-0.931034 0.340092
-0.862069 0.267745
-0.793103 0.133511
-0.724138 -0.0542031
-0.655172 -0.275238
-0.586207 -0.499438
-0.517241 -0.69086
-0.448276 -0.813883
-0.37931 -0.840125
-0.310345 -0.754709
-0.241379 -0.560439
-0.172414 -0.278761
-0.103448 0.0529596
-0.0344828 0.387467
0.0344828 0.675851
0.103448 0.87629
0.172414 0.961492
0.241379 0.923281
0.310345 0.773425
0.37931 0.540647
0.448276 0.264601
0.517241 -0.0117926
0.586207 -0.249986
0.655172 -0.4219
0.724138 -0.513418
0.793103 -0.524875
0.862069 -0.468851
0.931034 -0.366064
1 -0.240462
