-1 -0.251452
-0.995 -0.291129
-0.99 -0.331553
-0.985 -0.372716
-0.98 -0.414605
-0.975 -0.457209
-0.97 -0.500514
-0.965 -0.544506
-0.96 -0.589168
-0.955 -0.634484
-0.95 -0.680437
-0.945 -0.727005
-0.94 -0.774169
-0.935 -0.821907
-0.93 -0.870196
-0.925 -0.91901
-0.92 -0.968325
-0.915 -1.01811
-0.91 -1.06834
-0.905 -1.11899
-0.9 -1.17002
-0.895 -1.2214
-0.89 -1.2731
-0.885 -1.32508
-0.88 -1.37731
-0.875 -1.42974
-0.87 -1.48234
-0.865 -1.53507
-0.86 -1.58789
-0.855 -1.64075
-0.85 -1.69361
-0.845 -1.74643
-0.84 -1.79915
-0.835 -1.85173
-0.83 -1.90412
-0.825 -1.95628
-0.82 -2.00814
-0.815 -2.05966
-0.81 -2.11079
-0.805 -2.16146
-0.8 -2.21163
-0.795 -2.26124
-0.79 -2.31024
-0.785 -2.35856
-0.78 -2.40614
-0.775 -2.45293
-0.77 -2.49887
-0.765 -2.5439
-0.76 -2.58795
-0.755 -2.63098
-0.75 -2.6729
-0.745 -2.71367
-0.74 -2.75322
-0.735 -2.7915
-0.73 -2.82842
-0.725 -2.86395
-0.72 -2.89801
-0.715 -2.93054
-0.71 -2.96148
-0.705 -2.99077
-0.7 -3.01835
-0.695 -3.04416
-0.69 -3.06814
-0.685 -3.09023
-0.68 -3.11037
-0.675 -3.12851
-0.67 -3.14459
-0.665 -3.15856
-0.66 -3.17036
-0.655 -3.17993
-0.65 -3.18724
-0.645 -3.19223
-0.64 -3.19484
-0.635 -3.19504
-0.63 -3.19279
-0.625 -3.18803
-0.62 -3.18072
-0.615 -3.17084
-0.61 -3.15834
-0.605 -3.14319
-0.6 -3.12535
-0.595 -3.1048
-0.59 -3.08152
-0.585 -3.05546
-0.58 -3.02662
-0.575 -2.99498
-0.57 -2.96052
-0.565 -2.92322
-0.56 -2.88308
-0.555 -2.84009
-0.55 -2.79424
-0.545 -2.74553
-0.54 -2.69397
-0.535 -2.63956
-0.53 -2.58231
-0.525 -2.52224
-0.52 -2.45934
-0.515 -2.39366
-0.51 -2.3252
-0.505 -2.254
-0.5 -2.18008
-0.495 -2.10348
-0.49 -2.02423
-0.485 -1.94238
-0.48 -1.85796
-0.475 -1.77102
-0.47 -1.68162
-0.465 -1.5898
-0.46 -1.49563
-0.455 -1.39916
-0.45 -1.30047
-0.445 -1.19961
-0.44 -1.09667
-0.435 -0.991702
-0.43 -0.884799
-0.425 -0.776038
-0.42 -0.665503
-0.415 -0.55328
-0.41 -0.43946
-0.405 -0.324135
-0.4 -0.207401
-0.395 -0.0893562
-0.39 0.0298986
-0.385 0.15026
-0.38 0.271623
-0.375 0.393878
-0.37 0.516916
-0.365 0.640624
-0.36 0.764889
-0.355 0.889594
-0.35 1.01462
-0.345 1.13985
-0.34 1.26517
-0.335 1.39045
-0.33 1.51556
-0.325 1.6404
-0.32 1.76482
-0.315 1.88871
-0.31 2.01194
-0.305 2.13439
-0.3 2.25592
-0.295 2.37642
-0.29 2.49576
-0.285 2.61381
-0.28 2.73045
-0.275 2.84555
-0.27 2.959
-0.265 3.07066
-0.26 3.18043
-0.255 3.28817
-0.25 3.39378
-0.245 3.49713
-0.24 3.59812
-0.235 3.69662
-0.23 3.79254
-0.225 3.88576
-0.22 3.97618
-0.215 4.06369
-0.21 4.1482
-0.205 4.22961
-0.2 4.30783
-0.195 4.38276
-0.19 4.45432
-0.185 4.52243
-0.18 4.58701
-0.175 4.64798
-0.17 4.70526
-0.165 4.7588
-0.16 4.80853
-0.155 4.85438
-0.15 4.8963
-0.145 4.93425
-0.14 4.96817
-0.135 4.99802
-0.13 5.02376
-0.125 5.04536
-0.12 5.0628
-0.115 5.07604
-0.11 5.08507
-0.105 5.08987
-0.1 5.09044
-0.095 5.08677
-0.09 5.07885
-0.085 5.0667
-0.08 5.05032
-0.075 5.02974
-0.07 5.00495
-0.065 4.976
-0.06 4.9429
-0.055 4.9057
-0.05 4.86442
-0.045 4.81912
-0.04 4.76983
-0.035 4.71661
-0.03 4.65952
-0.025 4.5986
-0.02 4.53394
-0.015 4.46559
-0.01 4.39362
-0.005 4.31812
8.20524e-16 4.23916
0.005 4.15682
0.01 4.07119
0.015 3.98236
0.02 3.89043
0.025 3.79548
0.03 3.69762
0.035 3.59695
0.04 3.49358
0.045 3.38761
0.05 3.27915
0.055 3.16831
0.06 3.05521
0.065 2.93996
0.07 2.82268
0.075 2.70349
0.08 2.5825
0.085 2.45985
0.09 2.33566
0.095 2.21004
0.1 2.08312
0.105 1.95503
0.11 1.82589
0.115 1.69583
0.12 1.56498
0.125 1.43346
0.13 1.30139
0.135 1.1689
0.14 1.03612
0.145 0.903176
0.15 0.770182
0.155 0.637264
0.16 0.504543
0.165 0.37214
0.17 0.240173
0.175 0.108758
0.18 -0.0219896
0.185 -0.151957
0.19 -0.281033
0.195 -0.409108
0.2 -0.536077
0.205 -0.661836
0.21 -0.786281
0.215 -0.909313
0.22 -1.03084
0.225 -1.15075
0.23 -1.26896
0.235 -1.38538
0.24 -1.4999
0.245 -1.61245
0.25 -1.72292
0.255 -1.83124
0.26 -1.93732
0.265 -2.04108
0.27 -2.14245
0.275 -2.24136
0.28 -2.33776
0.285 -2.4316
0.29 -2.52283
0.295 -2.61143
0.3 -2.69736
0.305 -2.7806
0.31 -2.86112
0.315 -2.93889
0.32 -3.01389
0.325 -3.08607
0.33 -3.1554
0.335 -3.22184
0.34 -3.28534
0.345 -3.34587
0.35 -3.40339
0.355 -3.45787
0.36 -3.50929
0.365 -3.55764
0.37 -3.60289
0.375 -3.64507
0.38 -3.68417
0.385 -3.72021
0.39 -3.7532
0.395 -3.78317
0.4 -3.81012
0.405 -3.83408
0.41 -3.85508
0.415 -3.87313
0.42 -3.88826
0.425 -3.90049
0.43 -3.90985
0.435 -3.91636
0.44 -3.92006
0.445 -3.92097
0.45 -3.91914
0.455 -3.91458
0.46 -3.90735
0.465 -3.89747
0.47 -3.885
0.475 -3.86996
0.48 -3.85241
0.485 -3.83239
0.49 -3.80993
0.495 -3.7851
0.5 -3.75794
0.505 -3.72849
0.51 -3.69682
0.515 -3.66295
0.52 -3.62696
0.525 -3.58889
0.53 -3.54878
0.535 -3.50671
0.54 -3.46271
0.545 -3.41684
0.55 -3.36915
0.555 -3.31971
0.56 -3.26856
0.565 -3.21576
0.57 -3.16135
0.575 -3.10541
0.58 -3.04797
0.585 -2.9891
0.59 -2.92884
0.595 -2.86726
0.6 -2.80439
0.605 -2.74031
0.61 -2.67505
0.615 -2.60868
0.62 -2.54124
0.625 -2.47278
0.63 -2.40335
0.635 -2.33301
0.64 -2.2618
0.645 -2.18977
0.65 -2.11697
0.655 -2.04345
0.66 -1.96925
0.665 -1.89443
0.67 -1.81901
0.675 -1.74306
0.68 -1.6666
0.685 -1.58969
0.69 -1.51237
0.695 -1.43468
0.7 -1.35666
0.705 -1.27834
0.71 -1.19977
0.715 -1.12099
0.72 -1.04203
0.725 -0.962925
0.73 -0.883716
0.735 -0.804435
0.74 -0.725116
0.745 -0.645793
0.75 -0.566497
0.755 -0.487259
0.76 -0.408112
0.765 -0.329083
0.77 -0.250202
0.775 -0.171498
0.78 -0.0929983
0.785 -0.014729
0.79 0.0632835
0.795 0.141014
0.8 0.218437
0.805 0.29553
0.81 0.372269
0.815 0.448632
0.82 0.524596
0.825 0.60014
0.83 0.675243
0.835 0.749886
0.84 0.824049
0.845 0.897712
0.85 0.970858
0.855 1.04347
0.86 1.11553
0.865 1.18701
0.87 1.25792
0.875 1.32822
0.88 1.3979
0.885 1.46695
0.89 1.53535
0.895 1.6031
0.9 1.67016
0.905 1.73654
0.91 1.80222
0.915 1.86719
0.92 1.93143
0.925 1.99493
0.93 2.05768
0.935 2.11968
0.94 2.1809
0.945 2.24133
0.95 2.30098
0.955 2.35983
0.96 2.41786
0.965 2.47507
0.97 2.53144
0.975 2.58698
0.98 2.64167
0.985 2.6955
0.99 2.74847
0.995 2.80056
