-1 0.373459
-0.995 0.372103
-0.99 0.370546
-0.985 0.368786
-0.98 0.366818
-0.975 0.364639
-0.97 0.362245
-0.965 0.359632
-0.96 0.356798
-0.955 0.35374
-0.95 0.350452
-0.945 0.346934
-0.94 0.343181
-0.935 0.339191
-0.93 0.334961
-0.925 0.330489
-0.92 0.325771
-0.915 0.320805
-0.91 0.315589
-0.905 0.31012
-0.9 0.304398
-0.895 0.29842
-0.89 0.292184
-0.885 0.285688
-0.88 0.278932
-0.875 0.271915
-0.87 0.264635
-0.865 0.257091
-0.86 0.249284
-0.855 0.241212
-0.85 0.232876
-0.845 0.224276
-0.84 0.215412
-0.835 0.206285
-0.83 0.196895
-0.825 0.187244
-0.82 0.177333
-0.815 0.167163
-0.81 0.156737
-0.805 0.146056
-0.8 0.135123
-0.795 0.123941
-0.79 0.112512
-0.785 0.100839
-0.78 0.0889274
-0.775 0.0767794
-0.77 0.0643995
-0.765 0.0517922
-0.76 0.0389622
-0.755 0.0259144
-0.75 0.0126543
-0.745 -0.000812673
-0.74 -0.0144804
-0.735 -0.0283428
-0.73 -0.0423931
-0.725 -0.0566247
-0.72 -0.0710302
-0.715 -0.0856022
-0.71 -0.100333
-0.705 -0.115214
-0.7 -0.130238
-0.695 -0.145395
-0.69 -0.160676
-0.685 -0.176073
-0.68 -0.191575
-0.675 -0.207173
-0.67 -0.222857
-0.665 -0.238616
-0.66 -0.254439
-0.655 -0.270316
-0.65 -0.286235
-0.645 -0.302184
-0.64 -0.318153
-0.635 -0.334129
-0.63 -0.350099
-0.625 -0.366052
-0.62 -0.381975
-0.615 -0.397855
-0.61 -0.413679
-0.605 -0.429434
-0.6 -0.445107
-0.595 -0.460683
-0.59 -0.47615
-0.585 -0.491494
-0.58 -0.5067
-0.575 -0.521755
-0.57 -0.536645
-0.565 -0.551356
-0.56 -0.565873
-0.555 -0.580182
-0.55 -0.594269
-0.545 -0.60812
-0.54 -0.621719
-0.535 -0.635055
-0.53 -0.64811
-0.525 -0.660873
-0.52 -0.673328
-0.515 -0.685462
-0.51 -0.69726
-0.505 -0.708709
-0.5 -0.719796
-0.495 -0.730506
-0.49 -0.740826
-0.485 -0.750744
-0.48 -0.760245
-0.475 -0.769319
-0.47 -0.777951
-0.465 -0.786131
-0.46 -0.793846
-0.455 -0.801083
-0.45 -0.807834
-0.445 -0.814085
-0.44 -0.819826
-0.435 -0.825048
-0.43 -0.82974
-0.425 -0.833893
-0.42 -0.837497
-0.415 -0.840545
-0.41 -0.843028
-0.405 -0.844937
-0.4 -0.846267
-0.395 -0.847009
-0.39 -0.847158
-0.385 -0.846708
-0.38 -0.845654
-0.375 -0.84399
-0.37 -0.841714
-0.365 -0.83882
-0.36 -0.835307
-0.355 -0.83117
-0.35 -0.82641
-0.345 -0.821024
-0.34 -0.815011
-0.335 -0.808372
-0.33 -0.801107
-0.325 -0.793217
-0.32 -0.784704
-0.315 -0.77557
-0.31 -0.765818
-0.305 -0.755452
-0.3 -0.744476
-0.295 -0.732894
-0.29 -0.720713
-0.285 -0.707939
-0.28 -0.694578
-0.275 -0.680637
-0.27 -0.666125
-0.265 -0.65105
-0.26 -0.635421
-0.255 -0.619249
-0.25 -0.602543
-0.245 -0.585315
-0.24 -0.567576
-0.235 -0.549338
-0.23 -0.530614
-0.225 -0.511417
-0.22 -0.491761
-0.215 -0.47166
-0.21 -0.451129
-0.205 -0.430183
-0.2 -0.408838
-0.195 -0.387111
-0.19 -0.365016
-0.185 -0.342573
-0.18 -0.319798
-0.175 -0.296709
-0.17 -0.273324
-0.165 -0.249663
-0.16 -0.225743
-0.155 -0.201584
-0.15 -0.177205
-0.145 -0.152627
-0.14 -0.12787
-0.135 -0.102953
-0.13 -0.0778964
-0.125 -0.0527219
-0.12 -0.0274497
-0.115 -0.00210091
-0.11 0.0233036
-0.105 0.0487427
-0.1 0.0741953
-0.095 0.09964
-0.09 0.125056
-0.085 0.150422
-0.08 0.175716
-0.075 0.200918
-0.07 0.226006
-0.065 0.25096
-0.06 0.275759
-0.055 0.300382
-0.05 0.324809
-0.045 0.34902
-0.04 0.372994
-0.035 0.396712
-0.03 0.420154
-0.025 0.443301
-0.02 0.466133
-0.015 0.488634
-0.01 0.510783
-0.005 0.532564
8.20524e-16 0.553959
0.005 0.57495
0.01 0.595521
0.015 0.615657
0.02 0.63534
0.025 0.654556
0.03 0.67329
0.035 0.691527
0.04 0.709255
0.045 0.726459
0.05 0.743127
0.055 0.759246
0.06 0.774806
0.065 0.789795
0.07 0.804202
0.075 0.818018
0.08 0.831234
0.085 0.843841
0.09 0.85583
0.095 0.867195
0.1 0.877928
0.105 0.888024
0.11 0.897477
0.115 0.906282
0.12 0.914434
0.125 0.92193
0.13 0.928767
0.135 0.934943
0.14 0.940456
0.145 0.945304
0.15 0.949488
0.155 0.953006
0.16 0.955861
0.165 0.958052
0.17 0.959583
0.175 0.960455
0.18 0.960672
0.185 0.960236
0.19 0.959153
0.195 0.957428
0.2 0.955064
0.205 0.952069
0.21 0.948448
0.215 0.944208
0.22 0.939357
0.225 0.933903
0.23 0.927853
0.235 0.921216
0.24 0.914002
0.245 0.90622
0.25 0.897881
0.255 0.888995
0.26 0.879572
0.265 0.869625
0.27 0.859166
0.275 0.848205
0.28 0.836756
0.285 0.824832
0.29 0.812445
0.295 0.799608
0.3 0.786335
0.305 0.772639
0.31 0.758533
0.315 0.744032
0.32 0.729149
0.325 0.713898
0.33 0.698293
0.335 0.682349
0.34 0.666079
0.345 0.6495
0.35 0.632626
0.355 0.615471
0.36 0.598052
0.365 0.580383
0.37 0.562481
0.375 0.54436
0.38 0.526035
0.385 0.507523
0.39 0.488838
0.395 0.469996
0.4 0.451012
0.405 0.4319
0.41 0.412676
0.415 0.393354
0.42 0.373949
0.425 0.354476
0.43 0.334949
0.435 0.315383
0.44 0.29579
0.445 0.276187
0.45 0.256585
0.455 0.237
0.46 0.217444
0.465 0.197931
0.47 0.178473
0.475 0.159085
0.48 0.139778
0.485 0.120565
0.49 0.101458
0.495 0.0824695
0.5 0.063611
0.505 0.0448939
0.51 0.0263297
0.515 0.00792942
0.52 -0.0102962
0.525 -0.0283367
0.53 -0.0461817
0.535 -0.0638212
0.54 -0.0812456
0.545 -0.0984452
0.55 -0.115411
0.555 -0.132134
0.56 -0.148605
0.565 -0.164817
0.57 -0.18076
0.575 -0.196428
0.58 -0.211812
0.585 -0.226905
0.59 -0.2417
0.595 -0.256191
0.6 -0.270371
0.605 -0.284233
0.61 -0.297772
0.615 -0.310982
0.62 -0.323857
0.625 -0.336392
0.63 -0.348583
0.635 -0.360424
0.64 -0.371912
0.645 -0.383041
0.65 -0.393808
0.655 -0.404209
0.66 -0.414241
0.665 -0.423901
0.67 -0.433185
0.675 -0.44209
0.68 -0.450614
0.685 -0.458755
0.69 -0.466511
0.695 -0.473879
0.7 -0.480857
0.705 -0.487445
0.71 -0.49364
0.715 -0.499442
0.72 -0.50485
0.725 -0.509862
0.73 -0.514479
0.735 -0.518699
0.74 -0.522523
0.745 -0.52595
0.75 -0.528981
0.755 -0.531615
0.76 -0.533854
0.765 -0.535697
0.77 -0.537145
0.775 -0.538199
0.78 -0.53886
0.785 -0.539129
0.79 -0.539008
0.795 -0.538497
0.8 -0.537598
0.805 -0.536313
0.81 -0.534643
0.815 -0.532591
0.82 -0.530158
0.825 -0.527346
0.83 -0.524157
0.835 -0.520594
0.84 -0.516659
0.845 -0.512354
0.85 -0.507683
0.855 -0.502647
0.86 -0.497249
0.865 -0.491492
0.87 -0.48538
0.875 -0.478914
0.88 -0.472099
0.885 -0.464936
0.89 -0.45743
0.895 -0.449584
0.9 -0.4414
0.905 -0.432883
0.91 -0.424036
0.915 -0.414862
0.92 -0.405366
0.925 -0.395549
0.93 -0.385417
0.935 -0.374974
0.94 -0.364222
0.945 -0.353166
0.95 -0.34181
0.955 -0.330158
0.96 -0.318213
0.965 -0.30598
0.97 -0.293464
0.975 -0.280667
0.98 -0.267595
0.985 -0.254252
0.99 -0.240642
0.995 -0.226769
