-1 -0.841435
-0.995 -0.838723
-0.99 -0.83599
-0.985 -0.833236
-0.98 -0.830461
-0.975 -0.827665
-0.97 -0.824849
-0.965 -0.822011
-0.96 -0.819154
-0.955 -0.816276
-0.95 -0.813377
-0.945 -0.810458
-0.94 -0.807519
-0.935 -0.80456
-0.93 -0.80158
-0.925 -0.798581
-0.92 -0.795562
-0.915 -0.792522
-0.91 -0.789463
-0.905 -0.786385
-0.9 -0.783286
-0.895 -0.780168
-0.89 -0.777031
-0.885 -0.773874
-0.88 -0.770698
-0.875 -0.767503
-0.87 -0.764289
-0.865 -0.761055
-0.86 -0.757803
-0.855 -0.754531
-0.85 -0.751241
-0.845 -0.747932
-0.84 -0.744604
-0.835 -0.741258
-0.83 -0.737893
-0.825 -0.73451
-0.82 -0.731108
-0.815 -0.727689
-0.81 -0.724251
-0.805 -0.720794
-0.8 -0.71732
-0.795 -0.713828
-0.79 -0.710318
-0.785 -0.706791
-0.78 -0.703246
-0.775 -0.699683
-0.77 -0.696102
-0.765 -0.692505
-0.76 -0.68889
-0.755 -0.685257
-0.75 -0.681608
-0.745 -0.677941
-0.74 -0.674258
-0.735 -0.670558
-0.73 -0.66684
-0.725 -0.663107
-0.72 -0.659356
-0.715 -0.655589
-0.71 -0.651806
-0.705 -0.648006
-0.7 -0.644191
-0.695 -0.640359
-0.69 -0.636511
-0.685 -0.632647
-0.68 -0.628767
-0.675 -0.624871
-0.67 -0.62096
-0.665 -0.617034
-0.66 -0.613091
-0.655 -0.609134
-0.65 -0.605161
-0.645 -0.601173
-0.64 -0.59717
-0.635 -0.593152
-0.63 -0.58912
-0.625 -0.585072
-0.62 -0.58101
-0.615 -0.576933
-0.61 -0.572842
-0.605 -0.568737
-0.6 -0.564617
-0.595 -0.560483
-0.59 -0.556335
-0.585 -0.552174
-0.58 -0.547998
-0.575 -0.543809
-0.57 -0.539606
-0.565 -0.535389
-0.56 -0.53116
-0.555 -0.526916
-0.55 -0.52266
-0.545 -0.518391
-0.54 -0.514109
-0.535 -0.509813
-0.53 -0.505506
-0.525 -0.501185
-0.52 -0.496852
-0.515 -0.492507
-0.51 -0.488149
-0.505 -0.483779
-0.5 -0.479397
-0.495 -0.475003
-0.49 -0.470597
-0.485 -0.466179
-0.48 -0.46175
-0.475 -0.457309
-0.47 -0.452857
-0.465 -0.448393
-0.46 -0.443919
-0.455 -0.439433
-0.45 -0.434936
-0.445 -0.430428
-0.44 -0.42591
-0.435 -0.421381
-0.43 -0.416841
-0.425 -0.412292
-0.42 -0.407731
-0.415 -0.403161
-0.41 -0.39858
-0.405 -0.39399
-0.4 -0.38939
-0.395 -0.38478
-0.39 -0.38016
-0.385 -0.375531
-0.38 -0.370893
-0.375 -0.366245
-0.37 -0.361589
-0.365 -0.356923
-0.36 -0.352248
-0.355 -0.347565
-0.35 -0.342872
-0.345 -0.338172
-0.34 -0.333462
-0.335 -0.328745
-0.33 -0.324019
-0.325 -0.319285
-0.32 -0.314544
-0.315 -0.309794
-0.31 -0.305037
-0.305 -0.300272
-0.3 -0.295499
-0.295 -0.290719
-0.29 -0.285932
-0.285 -0.281138
-0.28 -0.276337
-0.275 -0.271529
-0.27 -0.266714
-0.265 -0.261892
-0.26 -0.257064
-0.255 -0.252229
-0.25 -0.247388
-0.245 -0.242541
-0.24 -0.237688
-0.235 -0.232829
-0.23 -0.227964
-0.225 -0.223093
-0.22 -0.218217
-0.215 -0.213335
-0.21 -0.208448
-0.205 -0.203556
-0.2 -0.198659
-0.195 -0.193756
-0.19 -0.188849
-0.185 -0.183937
-0.18 -0.179021
-0.175 -0.1741
-0.17 -0.169174
-0.165 -0.164245
-0.16 -0.159311
-0.155 -0.154373
-0.15 -0.149432
-0.145 -0.144486
-0.14 -0.139537
-0.135 -0.134585
-0.13 -0.129629
-0.125 -0.12467
-0.12 -0.119707
-0.115 -0.114742
-0.11 -0.109774
-0.105 -0.104803
-0.1 -0.0998295
-0.095 -0.0948534
-0.09 -0.089875
-0.085 -0.0848942
-0.08 -0.0799114
-0.075 -0.0749266
-0.07 -0.0699398
-0.065 -0.0649513
-0.06 -0.0599612
-0.055 -0.0549696
-0.05 -0.0499765
-0.045 -0.0449823
-0.04 -0.0399869
-0.035 -0.0349904
-0.03 -0.0299931
-0.025 -0.0249951
-0.02 -0.0199964
-0.015 -0.0149972
-0.01 -0.00999765
-0.005 -0.00499783
8.20524e-16 2.11032e-06
0.005 0.00500205
0.01 0.0100019
0.015 0.0150014
0.02 0.0200006
0.025 0.0249993
0.03 0.0299974
0.035 0.0349947
0.04 0.0399911
0.045 0.0449865
0.05 0.0499808
0.055 0.0549739
0.06 0.0599655
0.065 0.0649557
0.07 0.0699442
0.075 0.0749309
0.08 0.0799158
0.085 0.0848986
0.09 0.0898794
0.095 0.0948578
0.1 0.0998339
0.105 0.104808
0.11 0.109778
0.115 0.114747
0.12 0.119712
0.125 0.124674
0.13 0.129633
0.135 0.134589
0.14 0.139542
0.145 0.144491
0.15 0.149436
0.155 0.154378
0.16 0.159316
0.165 0.164249
0.17 0.169179
0.175 0.174105
0.18 0.179026
0.185 0.183942
0.19 0.188854
0.195 0.193761
0.2 0.198664
0.205 0.203561
0.21 0.208453
0.215 0.21334
0.22 0.218222
0.225 0.223098
0.23 0.227969
0.235 0.232834
0.24 0.237693
0.245 0.242546
0.25 0.247393
0.255 0.252234
0.26 0.257069
0.265 0.261897
0.27 0.266719
0.275 0.271534
0.28 0.276342
0.285 0.281143
0.29 0.285937
0.295 0.290724
0.3 0.295504
0.305 0.300277
0.31 0.305042
0.315 0.309799
0.32 0.314549
0.325 0.31929
0.33 0.324024
0.335 0.32875
0.34 0.333467
0.345 0.338176
0.35 0.342877
0.355 0.347569
0.36 0.352252
0.365 0.356927
0.37 0.361593
0.375 0.366249
0.38 0.370897
0.385 0.375535
0.39 0.380164
0.395 0.384783
0.4 0.389393
0.405 0.393993
0.41 0.398584
0.415 0.403164
0.42 0.407734
0.425 0.412294
0.43 0.416844
0.435 0.421383
0.44 0.425912
0.445 0.43043
0.45 0.434938
0.455 0.439434
0.46 0.44392
0.465 0.448394
0.47 0.452858
0.475 0.45731
0.48 0.46175
0.485 0.466179
0.49 0.470597
0.495 0.475003
0.5 0.479396
0.505 0.483778
0.51 0.488148
0.515 0.492505
0.52 0.496851
0.525 0.501184
0.53 0.505504
0.535 0.509812
0.54 0.514106
0.545 0.518389
0.55 0.522658
0.555 0.526914
0.56 0.531157
0.565 0.535386
0.57 0.539602
0.575 0.543805
0.58 0.547994
0.585 0.55217
0.59 0.556331
0.595 0.560479
0.6 0.564613
0.605 0.568732
0.61 0.572838
0.615 0.576929
0.62 0.581005
0.625 0.585067
0.63 0.589115
0.635 0.593147
0.64 0.597165
0.645 0.601168
0.65 0.605156
0.655 0.609129
0.66 0.613086
0.665 0.617028
0.67 0.620955
0.675 0.624866
0.68 0.628762
0.685 0.632642
0.69 0.636506
0.695 0.640354
0.7 0.644186
0.705 0.648001
0.71 0.651801
0.715 0.655585
0.72 0.659352
0.725 0.663102
0.73 0.666836
0.735 0.670553
0.74 0.674254
0.745 0.677937
0.75 0.681604
0.755 0.685253
0.76 0.688886
0.765 0.692501
0.77 0.696099
0.775 0.699679
0.78 0.703242
0.785 0.706788
0.79 0.710315
0.795 0.713825
0.8 0.717317
0.805 0.720792
0.81 0.724248
0.815 0.727686
0.82 0.731106
0.825 0.734507
0.83 0.737891
0.835 0.741255
0.84 0.744602
0.845 0.747929
0.85 0.751238
0.855 0.754529
0.86 0.7578
0.865 0.761052
0.87 0.764286
0.875 0.7675
0.88 0.770695
0.885 0.773871
0.89 0.777028
0.895 0.780165
0.9 0.783283
0.905 0.786381
0.91 0.78946
0.915 0.792518
0.92 0.795557
0.925 0.798576
0.93 0.801576
0.935 0.804555
0.94 0.807514
0.945 0.810453
0.95 0.813371
0.955 0.81627
0.96 0.819147
0.965 0.822005
0.97 0.824842
0.975 0.827658
0.98 0.830453
0.985 0.833228
0.99 0.835982
0.995 0.838715
