-1 -0.841471
-0.995 -0.838759
-0.99 -0.836026
-0.985 -0.833272
-0.98 -0.830497
-0.975 -0.827702
-0.97 -0.824886
-0.965 -0.822049
-0.96 -0.819192
-0.955 -0.816314
-0.95 -0.813416
-0.945 -0.810497
-0.94 -0.807558
-0.935 -0.804599
-0.93 -0.80162
-0.925 -0.798621
-0.92 -0.795602
-0.915 -0.792563
-0.91 -0.789504
-0.905 -0.786425
-0.9 -0.783327
-0.895 -0.780209
-0.89 -0.777072
-0.885 -0.773915
-0.88 -0.770739
-0.875 -0.767544
-0.87 -0.764329
-0.865 -0.761095
-0.86 -0.757843
-0.855 -0.754571
-0.85 -0.75128
-0.845 -0.747971
-0.84 -0.744643
-0.835 -0.741297
-0.83 -0.737931
-0.825 -0.734548
-0.82 -0.731146
-0.815 -0.727726
-0.81 -0.724287
-0.805 -0.720831
-0.8 -0.717356
-0.795 -0.713864
-0.79 -0.710353
-0.785 -0.706825
-0.78 -0.703279
-0.775 -0.699716
-0.77 -0.696135
-0.765 -0.692537
-0.76 -0.688921
-0.755 -0.685289
-0.75 -0.681639
-0.745 -0.677972
-0.74 -0.674288
-0.735 -0.670587
-0.73 -0.66687
-0.725 -0.663135
-0.72 -0.659385
-0.715 -0.655617
-0.71 -0.651834
-0.705 -0.648034
-0.7 -0.644218
-0.695 -0.640385
-0.69 -0.636537
-0.685 -0.632673
-0.68 -0.628793
-0.675 -0.624897
-0.67 -0.620986
-0.665 -0.617059
-0.66 -0.613117
-0.655 -0.609159
-0.65 -0.605186
-0.645 -0.601198
-0.64 -0.597195
-0.635 -0.593178
-0.63 -0.589145
-0.625 -0.585097
-0.62 -0.581035
-0.615 -0.576959
-0.61 -0.572867
-0.605 -0.568762
-0.6 -0.564642
-0.595 -0.560509
-0.59 -0.556361
-0.585 -0.552199
-0.58 -0.548024
-0.575 -0.543835
-0.57 -0.539632
-0.565 -0.535416
-0.56 -0.531186
-0.555 -0.526943
-0.55 -0.522687
-0.545 -0.518418
-0.54 -0.514136
-0.535 -0.509841
-0.53 -0.505533
-0.525 -0.501213
-0.52 -0.49688
-0.515 -0.492535
-0.51 -0.488177
-0.505 -0.483807
-0.5 -0.479426
-0.495 -0.475032
-0.49 -0.470626
-0.485 -0.466208
-0.48 -0.461779
-0.475 -0.457338
-0.47 -0.452886
-0.465 -0.448423
-0.46 -0.443948
-0.455 -0.439462
-0.45 -0.434966
-0.445 -0.430458
-0.44 -0.425939
-0.435 -0.42141
-0.43 -0.416871
-0.425 -0.412321
-0.42 -0.40776
-0.415 -0.40319
-0.41 -0.398609
-0.405 -0.394019
-0.4 -0.389418
-0.395 -0.384808
-0.39 -0.380188
-0.385 -0.375559
-0.38 -0.37092
-0.375 -0.366273
-0.37 -0.361615
-0.365 -0.356949
-0.36 -0.352274
-0.355 -0.34759
-0.35 -0.342898
-0.345 -0.338197
-0.34 -0.333487
-0.335 -0.328769
-0.33 -0.324043
-0.325 -0.319309
-0.32 -0.314567
-0.315 -0.309816
-0.31 -0.305059
-0.305 -0.300293
-0.3 -0.29552
-0.295 -0.29074
-0.29 -0.285952
-0.285 -0.281157
-0.28 -0.276356
-0.275 -0.271547
-0.27 -0.266731
-0.265 -0.261909
-0.26 -0.257081
-0.255 -0.252245
-0.25 -0.247404
-0.245 -0.242556
-0.24 -0.237703
-0.235 -0.232843
-0.23 -0.227978
-0.225 -0.223106
-0.22 -0.21823
-0.215 -0.213347
-0.21 -0.20846
-0.205 -0.203567
-0.2 -0.198669
-0.195 -0.193767
-0.19 -0.188859
-0.185 -0.183947
-0.18 -0.17903
-0.175 -0.174108
-0.17 -0.169182
-0.165 -0.164252
-0.16 -0.159318
-0.155 -0.15438
-0.15 -0.149438
-0.145 -0.144492
-0.14 -0.139543
-0.135 -0.13459
-0.13 -0.129634
-0.125 -0.124675
-0.12 -0.119712
-0.115 -0.114747
-0.11 -0.109778
-0.105 -0.104807
-0.1 -0.0998334
-0.095 -0.0948572
-0.09 -0.0898785
-0.085 -0.0848977
-0.08 -0.0799147
-0.075 -0.0749297
-0.07 -0.0699428
-0.065 -0.0649542
-0.06 -0.059964
-0.055 -0.0549723
-0.05 -0.0499792
-0.045 -0.0449848
-0.04 -0.0399893
-0.035 -0.0349929
-0.03 -0.0299955
-0.025 -0.0249974
-0.02 -0.0199987
-0.015 -0.0149994
-0.01 -0.00999983
-0.005 -0.00499998
8.20524e-16 8.20524e-16
0.005 0.00499998
0.01 0.00999983
0.015 0.0149994
0.02 0.0199987
0.025 0.0249974
0.03 0.0299955
0.035 0.0349929
0.04 0.0399893
0.045 0.0449848
0.05 0.0499792
0.055 0.0549723
0.06 0.059964
0.065 0.0649542
0.07 0.0699428
0.075 0.0749297
0.08 0.0799147
0.085 0.0848977
0.09 0.0898785
0.095 0.0948572
0.1 0.0998334
0.105 0.104807
0.11 0.109778
0.115 0.114747
0.12 0.119712
0.125 0.124675
0.13 0.129634
0.135 0.13459
0.14 0.139543
0.145 0.144492
0.15 0.149438
0.155 0.15438
0.16 0.159318
0.165 0.164252
0.17 0.169182
0.175 0.174108
0.18 0.17903
0.185 0.183947
0.19 0.188859
0.195 0.193767
0.2 0.198669
0.205 0.203567
0.21 0.20846
0.215 0.213347
0.22 0.21823
0.225 0.223106
0.23 0.227978
0.235 0.232843
0.24 0.237703
0.245 0.242556
0.25 0.247404
0.255 0.252245
0.26 0.257081
0.265 0.261909
0.27 0.266731
0.275 0.271547
0.28 0.276356
0.285 0.281157
0.29 0.285952
0.295 0.29074
0.3 0.29552
0.305 0.300293
0.31 0.305059
0.315 0.309816
0.32 0.314567
0.325 0.319309
0.33 0.324043
0.335 0.328769
0.34 0.333487
0.345 0.338197
0.35 0.342898
0.355 0.34759
0.36 0.352274
0.365 0.356949
0.37 0.361615
0.375 0.366273
0.38 0.37092
0.385 0.375559
0.39 0.380188
0.395 0.384808
0.4 0.389418
0.405 0.394019
0.41 0.398609
0.415 0.40319
0.42 0.40776
0.425 0.412321
0.43 0.416871
0.435 0.42141
0.44 0.425939
0.445 0.430458
0.45 0.434966
0.455 0.439462
0.46 0.443948
0.465 0.448423
0.47 0.452886
0.475 0.457338
0.48 0.461779
0.485 0.466208
0.49 0.470626
0.495 0.475032
0.5 0.479426
0.505 0.483807
0.51 0.488177
0.515 0.492535
0.52 0.49688
0.525 0.501213
0.53 0.505533
0.535 0.509841
0.54 0.514136
0.545 0.518418
0.55 0.522687
0.555 0.526943
0.56 0.531186
0.565 0.535416
0.57 0.539632
0.575 0.543835
0.58 0.548024
0.585 0.552199
0.59 0.556361
0.595 0.560509
0.6 0.564642
0.605 0.568762
0.61 0.572867
0.615 0.576959
0.62 0.581035
0.625 0.585097
0.63 0.589145
0.635 0.593178
0.64 0.597195
0.645 0.601198
0.65 0.605186
0.655 0.609159
0.66 0.613117
0.665 0.617059
0.67 0.620986
0.675 0.624897
0.68 0.628793
0.685 0.632673
0.69 0.636537
0.695 0.640385
0.7 0.644218
0.705 0.648034
0.71 0.651834
0.715 0.655617
0.72 0.659385
0.725 0.663135
0.73 0.66687
0.735 0.670587
0.74 0.674288
0.745 0.677972
0.75 0.681639
0.755 0.685289
0.76 0.688921
0.765 0.692537
0.77 0.696135
0.775 0.699716
0.78 0.703279
0.785 0.706825
0.79 0.710353
0.795 0.713864
0.8 0.717356
0.805 0.720831
0.81 0.724287
0.815 0.727726
0.82 0.731146
0.825 0.734548
0.83 0.737931
0.835 0.741297
0.84 0.744643
0.845 0.747971
0.85 0.75128
0.855 0.754571
0.86 0.757843
0.865 0.761095
0.87 0.764329
0.875 0.767544
0.88 0.770739
0.885 0.773915
0.89 0.777072
0.895 0.780209
0.9 0.783327
0.905 0.786425
0.91 0.789504
0.915 0.792563
0.92 0.795602
0.925 0.798621
0.93 0.80162
0.935 0.804599
0.94 0.807558
0.945 0.810497
0.95 0.813416
0.955 0.816314
0.96 0.819192
0.965 0.822049
0.97 0.824886
0.975 0.827702
0.98 0.830497
0.985 0.833272
0.99 0.836026
0.995 0.838759
