-1 -7.85996
-0.995 -8.01046
-0.99 -8.15906
-0.985 -8.30557
-0.98 -8.44973
-0.975 -8.59134
-0.97 -8.73016
-0.965 -8.86595
-0.96 -8.99848
-0.955 -9.12749
-0.95 -9.25274
-0.945 -9.37399
-0.94 -9.49097
-0.935 -9.60344
-0.93 -9.71112
-0.925 -9.81377
-0.92 -9.91111
-0.915 -10.0029
-0.91 -10.0888
-0.905 -10.1687
-0.9 -10.2422
-0.895 -10.3091
-0.89 -10.369
-0.885 -10.4218
-0.88 -10.4672
-0.875 -10.5049
-0.87 -10.5347
-0.865 -10.5562
-0.86 -10.5693
-0.855 -10.5737
-0.85 -10.5691
-0.845 -10.5553
-0.84 -10.5321
-0.835 -10.4992
-0.83 -10.4564
-0.825 -10.4035
-0.82 -10.3403
-0.815 -10.2665
-0.81 -10.182
-0.805 -10.0865
-0.8 -9.98
-0.795 -9.86219
-0.79 -9.73294
-0.785 -9.59211
-0.78 -9.43956
-0.775 -9.27515
-0.77 -9.09877
-0.765 -8.91033
-0.76 -8.70972
-0.755 -8.49688
-0.75 -8.27173
-0.745 -8.03424
-0.74 -7.78438
-0.735 -7.52211
-0.73 -7.24744
-0.725 -6.96039
-0.72 -6.66098
-0.715 -6.34926
-0.71 -6.0253
-0.705 -5.68917
-0.7 -5.34098
-0.695 -4.98085
-0.69 -4.60891
-0.685 -4.22531
-0.68 -3.83023
-0.675 -3.42386
-0.67 -3.00641
-0.665 -2.57811
-0.66 -2.13922
-0.655 -1.68999
-0.65 -1.23071
-0.645 -0.761705
-0.64 -0.283286
-0.635 0.204199
-0.63 0.700385
-0.625 1.20489
-0.62 1.71731
-0.615 2.23722
-0.61 2.76419
-0.605 3.29777
-0.6 3.83747
-0.595 4.3828
-0.59 4.93327
-0.585 5.48834
-0.58 6.04747
-0.575 6.61011
-0.57 7.17568
-0.565 7.74361
-0.56 8.3133
-0.555 8.88413
-0.55 9.45547
-0.545 10.0267
-0.54 10.5972
-0.535 11.1662
-0.53 11.7332
-0.525 12.2974
-0.52 12.8582
-0.515 13.4149
-0.51 13.9667
-0.505 14.513
-0.5 15.0532
-0.495 15.5863
-0.49 16.1119
-0.485 16.6291
-0.48 17.1373
-0.475 17.6358
-0.47 18.1238
-0.465 18.6006
-0.46 19.0657
-0.455 19.5181
-0.45 19.9574
-0.445 20.3828
-0.44 20.7937
-0.435 21.1893
-0.43 21.5691
-0.425 21.9325
-0.42 22.2788
-0.415 22.6073
-0.41 22.9176
-0.405 23.2091
-0.4 23.4812
-0.395 23.7334
-0.39 23.9651
-0.385 24.176
-0.38 24.3654
-0.375 24.533
-0.37 24.6784
-0.365 24.8012
-0.36 24.9009
-0.355 24.9773
-0.35 25.03
-0.345 25.0588
-0.34 25.0634
-0.335 25.0435
-0.33 24.999
-0.325 24.9297
-0.32 24.8355
-0.315 24.7162
-0.31 24.5718
-0.305 24.4023
-0.3 24.2076
-0.295 23.9878
-0.29 23.7429
-0.285 23.4731
-0.28 23.1784
-0.275 22.859
-0.27 22.5151
-0.265 22.147
-0.26 21.7549
-0.255 21.3391
-0.25 20.8999
-0.245 20.4377
-0.24 19.9528
-0.235 19.4458
-0.23 18.9171
-0.225 18.3671
-0.22 17.7965
-0.215 17.2056
-0.21 16.5951
-0.205 15.9657
-0.2 15.3179
-0.195 14.6525
-0.19 13.97
-0.185 13.2712
-0.18 12.5569
-0.175 11.8278
-0.17 11.0847
-0.165 10.3284
-0.16 9.55971
-0.155 8.77947
-0.15 7.98854
-0.145 7.18779
-0.14 6.37812
-0.135 5.56042
-0.13 4.7356
-0.125 3.90459
-0.12 3.06833
-0.115 2.22774
-0.11 1.38379
-0.105 0.537418
-0.1 -0.310419
-0.095 -1.15876
-0.09 -2.00666
-0.085 -2.85314
-0.08 -3.69726
-0.075 -4.53807
-0.07 -5.37461
-0.065 -6.20595
-0.06 -7.03116
-0.055 -7.84932
-0.05 -8.65951
-0.045 -9.46083
-0.04 -10.2524
-0.035 -11.0333
-0.03 -11.8028
-0.025 -12.56
-0.02 -13.304
-0.015 -14.034
-0.01 -14.7494
-0.005 -15.4492
8.20524e-16 -16.1329
0.005 -16.7996
0.01 -17.4487
0.015 -18.0795
0.02 -18.6914
0.025 -19.2838
0.03 -19.8561
0.035 -20.4078
0.04 -20.9382
0.045 -21.447
0.05 -21.9337
0.055 -22.3978
0.06 -22.839
0.065 -23.2569
0.07 -23.6511
0.075 -24.0213
0.08 -24.3673
0.085 -24.6889
0.09 -24.9858
0.095 -25.2578
0.1 -25.5049
0.105 -25.7269
0.11 -25.9238
0.115 -26.0955
0.12 -26.2419
0.125 -26.3632
0.13 -26.4594
0.135 -26.5306
0.14 -26.5768
0.145 -26.5984
0.15 -26.5953
0.155 -26.5679
0.16 -26.5163
0.165 -26.441
0.17 -26.3421
0.175 -26.2201
0.18 -26.0752
0.185 -25.9079
0.19 -25.7187
0.195 -25.508
0.2 -25.2762
0.205 -25.0237
0.21 -24.7511
0.215 -24.4587
0.22 -24.1468
0.225 -23.8157
0.23 -23.4658
0.235 -23.0972
0.24 -22.7102
0.245 -22.3051
0.25 -21.8823
0.255 -21.4425
0.26 -20.9863
0.265 -20.5151
0.27 -20.0301
0.275 -19.5328
0.28 -19.025
0.285 -18.5083
0.29 -17.9842
0.295 -17.4538
0.3 -16.9179
0.305 -16.3768
0.31 -15.8304
0.315 -15.278
0.32 -14.7191
0.325 -14.1527
0.33 -13.5783
0.335 -12.9956
0.34 -12.4046
0.345 -11.8061
0.35 -11.2009
0.355 -10.5905
0.36 -9.97638
0.365 -9.36018
0.37 -8.74346
0.375 -8.12757
0.38 -7.51362
0.385 -6.90247
0.39 -6.29472
0.395 -5.69077
0.4 -5.09087
0.405 -4.4952
0.41 -3.9039
0.415 -3.31715
0.42 -2.73514
0.425 -2.15812
0.43 -1.58641
0.435 -1.02034
0.44 -0.460277
0.445 0.0933851
0.45 0.640264
0.455 1.17998
0.46 1.71218
0.465 2.23651
0.47 2.75266
0.475 3.26032
0.48 3.75923
0.485 4.24912
0.49 4.72977
0.495 5.20095
0.5 5.66247
0.505 6.11415
0.51 6.55583
0.515 6.98735
0.52 7.40859
0.525 7.81943
0.53 8.21976
0.535 8.60951
0.54 8.98859
0.545 9.35694
0.55 9.71452
0.555 10.0613
0.56 10.3973
0.565 10.7224
0.57 11.0367
0.575 11.3401
0.58 11.6328
0.585 11.9147
0.59 12.1859
0.595 12.4465
0.6 12.6964
0.605 12.9358
0.61 13.1649
0.615 13.3835
0.62 13.5919
0.625 13.7902
0.63 13.9784
0.635 14.1567
0.64 14.3253
0.645 14.4842
0.65 14.6335
0.655 14.7735
0.66 14.9042
0.665 15.0258
0.67 15.1384
0.675 15.2423
0.68 15.3375
0.685 15.4243
0.69 15.5027
0.695 15.573
0.7 15.6352
0.705 15.6897
0.71 15.7365
0.715 15.7757
0.72 15.8076
0.725 15.8324
0.73 15.8502
0.735 15.8611
0.74 15.8653
0.745 15.863
0.75 15.8544
0.755 15.8395
0.76 15.8186
0.765 15.7919
0.77 15.7594
0.775 15.7213
0.78 15.6778
0.785 15.629
0.79 15.5751
0.795 15.5162
0.8 15.4524
0.805 15.384
0.81 15.3109
0.815 15.2334
0.82 15.1515
0.825 15.0654
0.83 14.9753
0.835 14.8812
0.84 14.7832
0.845 14.6815
0.85 14.5762
0.855 14.4674
0.86 14.3551
0.865 14.2395
0.87 14.1207
0.875 13.9988
0.88 13.8738
0.885 13.7459
0.89 13.6151
0.895 13.4815
0.9 13.3452
0.905 13.2063
0.91 13.0649
0.915 12.9209
0.92 12.7746
0.925 12.6259
0.93 12.4749
0.935 12.3217
0.94 12.1663
0.945 12.0089
0.95 11.8494
0.955 11.6879
0.96 11.5244
0.965 11.3591
0.97 11.192
0.975 11.0231
0.98 10.8524
0.985 10.68
0.99 10.506
0.995 10.3304
