Generatin a test matrix: 

 Test matrix: 
     0.797      0.183       0.78 
     0.597      0.446        0.1 
     0.459      0.334      0.143 
     0.651     0.0564      0.722 
     0.939   0.000779      0.992 
     0.617      0.612    0.00707 

 R matrix: 
       1.7      0.577       1.27 
         0      0.623     -0.722 
         0          0      0.139 

 Q*Q^T: 
         1   -2.5e-16  -1.99e-15 
  -2.5e-16          1  -6.11e-16 
 -1.99e-15  -6.11e-16          1 

 Check that Q*R = A: 
     0.797      0.183       0.78 
     0.597      0.446        0.1 
     0.459      0.334      0.143 
     0.651     0.0564      0.722 
     0.939   0.000779      0.992 
     0.617      0.612    0.00707 

 Random matrix D:
    0.0231      0.525        0.4 
    0.0467      0.974      0.233 
    0.0906      0.618      0.382 

 Vector b:     0.983      0.467       0.86 

 Solution x:     -0.99     -0.109       2.66 

 Check Dx:     0.983      0.467       0.86 

 Original b:     0.983      0.467       0.86 

Determinant: 0.147038

D*D^{-1}:
         1  -1.11e-16   4.86e-17 
  1.11e-16          1   1.14e-16 
  2.22e-16  -3.33e-16          1 
