0 147.535
0.1 145.143
0.2 142.79
0.3 140.475
0.4 138.197
0.5 135.956
0.6 133.752
0.7 131.583
0.8 129.45
0.9 127.351
1 125.286
1.1 123.255
1.2 121.256
1.3 119.29
1.4 117.356
1.5 115.453
1.6 113.581
1.7 111.74
1.8 109.928
1.9 108.146
2 106.392
2.1 104.667
2.2 102.97
2.3 101.301
2.4 99.6581
2.5 98.0422
2.6 96.4526
2.7 94.8887
2.8 93.3502
2.9 91.8366
3 90.3476
3.1 88.8827
3.2 87.4416
3.3 86.0238
3.4 84.629
3.5 83.2569
3.6 81.907
3.7 80.5789
3.8 79.2724
3.9 77.9871
4 76.7227
4.1 75.4787
4.2 74.2549
4.3 73.0509
4.4 71.8665
4.5 70.7013
4.6 69.5549
4.7 68.4272
4.8 67.3177
4.9 66.2262
5 65.1524
5.1 64.0961
5.2 63.0568
5.3 62.0344
5.4 61.0286
5.5 60.0391
5.6 59.0656
5.7 58.1079
5.8 57.1658
5.9 56.2389
6 55.3271
6.1 54.43
6.2 53.5475
6.3 52.6793
6.4 51.8251
6.5 50.9848
6.6 50.1582
6.7 49.3449
6.8 48.5449
6.9 47.7578
7 46.9834
7.1 46.2216
7.2 45.4722
7.3 44.7349
7.4 44.0096
7.5 43.296
7.6 42.594
7.7 41.9034
7.8 41.224
7.9 40.5556
8 39.898
8.1 39.2511
8.2 38.6147
8.3 37.9886
8.4 37.3727
8.5 36.7667
8.6 36.1706
8.7 35.5841
8.8 35.0072
8.9 34.4396
9 33.8812
9.1 33.3318
9.2 32.7914
9.3 32.2597
9.4 31.7367
9.5 31.2221
9.6 30.7159
9.7 30.2178
9.8 29.7279
9.9 29.2459
10 28.7717
10.1 28.3052
10.2 27.8463
10.3 27.3948
10.4 26.9506
10.5 26.5136
10.6 26.0837
10.7 25.6608
10.8 25.2448
10.9 24.8354
11 24.4328
11.1 24.0366
11.2 23.6469
11.3 23.2635
11.4 22.8863
11.5 22.5152
11.6 22.1502
11.7 21.791
11.8 21.4377
11.9 21.0901
12 20.7482
12.1 20.4118
12.2 20.0808
12.3 19.7552
12.4 19.4349
12.5 19.1198
12.6 18.8098
12.7 18.5048
12.8 18.2048
12.9 17.9096
13 17.6192
13.1 17.3335
13.2 17.0525
13.3 16.776
13.4 16.504
13.5 16.2364
13.6 15.9732
13.7 15.7142
13.8 15.4594
13.9 15.2087
14 14.9621
14.1 14.7195
14.2 14.4809
14.3 14.2461
14.4 14.0151
14.5 13.7879
14.6 13.5643
14.7 13.3444
14.8 13.128
14.9 12.9152
15 12.7058
15.1 12.4997
15.2 12.2971
15.3 12.0977
15.4 11.9015
15.5 11.7086
15.6 11.5187
15.7 11.332
15.8 11.1482
15.9 10.9675
16 10.7897
