0 137.45
0.1 135.028
0.2 132.649
0.3 130.312
0.4 128.015
0.5 125.76
0.6 123.544
0.7 121.367
0.8 119.228
0.9 117.127
1 115.063
1.1 113.036
1.2 111.044
1.3 109.087
1.4 107.165
1.5 105.277
1.6 103.422
1.7 101.599
1.8 99.8089
1.9 98.0502
2 96.3225
2.1 94.6252
2.2 92.9578
2.3 91.3198
2.4 89.7106
2.5 88.1298
2.6 86.5769
2.7 85.0513
2.8 83.5527
2.9 82.0804
3 80.634
3.1 79.2132
3.2 77.8174
3.3 76.4462
3.4 75.0991
3.5 73.7758
3.6 72.4758
3.7 71.1987
3.8 69.9441
3.9 68.7116
4 67.5009
4.1 66.3114
4.2 65.143
4.3 63.9951
4.4 62.8674
4.5 61.7596
4.6 60.6714
4.7 59.6023
4.8 58.552
4.9 57.5203
5 56.5067
5.1 55.511
5.2 54.5329
5.3 53.5719
5.4 52.6279
5.5 51.7006
5.6 50.7896
5.7 49.8946
5.8 49.0154
5.9 48.1517
6 47.3032
6.1 46.4697
6.2 45.6509
6.3 44.8465
6.4 44.0562
6.5 43.2799
6.6 42.5173
6.7 41.7681
6.8 41.0321
6.9 40.3091
7 39.5988
7.1 38.901
7.2 38.2155
7.3 37.5421
7.4 36.8806
7.5 36.2307
7.6 35.5923
7.7 34.9651
7.8 34.349
7.9 33.7438
8 33.1492
8.1 32.565
8.2 31.9912
8.3 31.4275
8.4 30.8737
8.5 30.3297
8.6 29.7953
8.7 29.2702
8.8 28.7545
8.9 28.2478
9 27.75
9.1 27.261
9.2 26.7807
9.3 26.3088
9.4 25.8452
9.5 25.3898
9.6 24.9424
9.7 24.5029
9.8 24.0711
9.9 23.647
10 23.2303
10.1 22.8209
10.2 22.4188
10.3 22.0238
10.4 21.6357
10.5 21.2544
10.6 20.8799
10.7 20.512
10.8 20.1506
10.9 19.7955
11 19.4467
11.1 19.104
11.2 18.7674
11.3 18.4367
11.4 18.1118
11.5 17.7926
11.6 17.4791
11.7 17.1711
11.8 16.8686
11.9 16.5713
12 16.2793
12.1 15.9925
12.2 15.7106
12.3 15.4338
12.4 15.1619
12.5 14.8947
12.6 14.6322
12.7 14.3744
12.8 14.1211
12.9 13.8723
13 13.6278
13.1 13.3877
13.2 13.1518
13.3 12.92
13.4 12.6924
13.5 12.4687
13.6 12.249
13.7 12.0332
13.8 11.8211
13.9 11.6128
14 11.4082
14.1 11.2072
14.2 11.0097
14.3 10.8157
14.4 10.6251
14.5 10.4379
14.6 10.254
14.7 10.0733
14.8 9.89579
14.9 9.72141
15 9.55011
15.1 9.38183
15.2 9.21651
15.3 9.05411
15.4 8.89457
15.5 8.73784
15.6 8.58387
15.7 8.43261
15.8 8.28402
15.9 8.13805
16 7.99465
